timestamp,x,y,z
51367723929,-0.243164,-0.627441,0.739258
51367738845,-0.245605,-0.624023,0.740723
51367761383,-0.246582,-0.619629,0.740723
51367783855,-0.243652,-0.615723,0.738281
51367798908,-0.24707,-0.612793,0.746094
51367828952,-0.236328,-0.612305,0.750488
51367851468,-0.238281,-0.620605,0.743652
51367858226,-0.237305,-0.621094,0.751465
51367881469,-0.236328,-0.616211,0.744141
51367903862,-0.235352,-0.614258,0.74707
51367926362,-0.237305,-0.615234,0.743652
51367941465,-0.231934,-0.615723,0.751465
51367963897,-0.240723,-0.619629,0.748535
51367978246,-0.242188,-0.625,0.744141
51368001851,-0.244141,-0.619141,0.741211
51368023937,-0.243164,-0.625488,0.73877
51368038284,-0.234863,-0.623535,0.748047
51368061409,-0.245117,-0.618164,0.750977
51368083951,-0.243164,-0.616211,0.750488
51368106395,-0.240234,-0.618652,0.741699
51368128957,-0.245117,-0.620605,0.75
51368143925,-0.244629,-0.619141,0.748535
51368158251,-0.236816,-0.615234,0.748047
51368181411,-0.238281,-0.607422,0.752441
51368204029,-0.236816,-0.620605,0.742676
51368225060,-0.239258,-0.616699,0.745605
51368241441,-0.235352,-0.614746,0.750977
51368263966,-0.229004,-0.61377,0.755371
51368285201,-0.23291,-0.611328,0.749512
51368301479,-0.227539,-0.608887,0.749023
51368331336,-0.230957,-0.623047,0.759277
51368352621,-0.248047,-0.634766,0.754883
51368361489,-0.260742,-0.629883,0.755859
51368384407,-0.260254,-0.617676,0.735352
51368406460,-0.267578,-0.60791,0.729004
51368428885,-0.264648,-0.614258,0.727539
51368443978,-0.253418,-0.610352,0.75
51368465002,-0.242676,-0.601562,0.759766
51368481372,-0.236816,-0.586426,0.770508
51368503870,-0.234863,-0.597168,0.782227
51368532443,-0.23877,-0.622559,0.758789
51368541393,-0.251953,-0.625,0.763672
51368564417,-0.250488,-0.605957,0.760254
51368585125,-0.236328,-0.600586,0.770996
51368609053,-0.237793,-0.617188,0.769531
51368623912,-0.241699,-0.613281,0.764648
51368646421,-0.228516,-0.583984,0.755371
51368661456,-0.22168,-0.567383,0.764648
51368683904,-0.247559,-0.573242,0.76709
51368706436,-0.257812,-0.586426,0.762695
51368721474,-0.252441,-0.577148,0.751953
51368743992,-0.248047,-0.568359,0.766602
51368766411,-0.230957,-0.578613,0.788086
51368780794,-0.226562,-0.588379,0.799805
51368811413,-0.230957,-0.582031,0.806641
51368827213,-0.246094,-0.564941,0.808105
51368840869,-0.256348,-0.554688,0.807129
51368864027,-0.275879,-0.537598,0.802734
51368886440,-0.295898,-0.533203,0.804199
51368908981,-0.292969,-0.530762,0.808105
51368923881,-0.291504,-0.532227,0.810547
51368946472,-0.300293,-0.506348,0.79834
51368967660,-0.297363,-0.496582,0.807129
51368983990,-0.307617,-0.487305,0.804199
51369013949,-0.307617,-0.494629,0.790039
51369035196,-0.319336,-0.48877,0.798828
51369044030,-0.316406,-0.464844,0.79541
51369066439,-0.303711,-0.467773,0.797852
51369089025,-0.305176,-0.466797,0.802246
51369111406,-0.317383,-0.464355,0.804688
51369126518,-0.322754,-0.461914,0.8125
51369147570,-0.328613,-0.462891,0.811035
51369164006,-0.330078,-0.453613,0.815918
51369186447,-0.327148,-0.445312,0.813965
51369215199,-0.335449,-0.440918,0.805664
51369224028,-0.34375,-0.455078,0.808105
51369246499,-0.330078,-0.458984,0.811035
51369267591,-0.327637,-0.453613,0.806641
51369283977,-0.330566,-0.461426,0.79248
51369313994,-0.327148,-0.465332,0.784668
51369327716,-0.327637,-0.48291,0.789062
51369344005,-0.321289,-0.486328,0.793945
51369349506,-0.32373,-0.494629,0.812012
51369371807,-0.328125,-0.48877,0.810059
51369394367,-0.331543,-0.486328,0.802734
51369409316,-0.328613,-0.480469,0.796875
51369439494,-0.322754,-0.490723,0.791992
51369463168,-0.320801,-0.491211,0.793945
51369469400,-0.325195,-0.495605,0.79248
51369493286,-0.32959,-0.493164,0.797363
51369514409,-0.314941,-0.494629,0.79248
51369529347,-0.320801,-0.494141,0.802246
51369551971,-0.325195,-0.488281,0.799805
51369574309,-0.325195,-0.489746,0.803711
51369592229,-0.330078,-0.487305,0.806152
51369611851,-0.324707,-0.483398,0.808594
51369643227,-0.324219,-0.487305,0.79834
51369649344,-0.322754,-0.496582,0.804199
51369671815,-0.321777,-0.502441,0.80127
51369703151,-0.316406,-0.510742,0.79541
51369716826,-0.312988,-0.507812,0.799316
51369739311,-0.308105,-0.506836,0.793457
51369754381,-0.304688,-0.508789,0.799316
51369770701,-0.3125,-0.507324,0.802246
51369794721,-0.305664,-0.513672,0.801758
51369817239,-0.307129,-0.516113,0.800781
51369830762,-0.310059,-0.508301,0.797852
51369851802,-0.312012,-0.506348,0.796875
51369874400,-0.316406,-0.510254,0.788086
51369890766,-0.303711,-0.510254,0.791504
51369919499,-0.300781,-0.515137,0.79248
51369942479,-0.304199,-0.51416,0.795898
51369950835,-0.306641,-0.51416,0.792969
51369971847,-0.302734,-0.519043,0.794434
51369995745,-0.300781,-0.513184,0.802246
51370018273,-0.307617,-0.509277,0.797363
51370031863,-0.311523,-0.505371,0.796387
51370054478,-0.315918,-0.507324,0.80127
51370072264,-0.31543,-0.510254,0.805176
51370094705,-0.312012,-0.506836,0.804688
51370122551,-0.304688,-0.505859,0.80957
51370130784,-0.304688,-0.508301,0.799316
51370151835,-0.307129,-0.503418,0.796387
51370174387,-0.309082,-0.506836,0.793457
51370199747,-0.312012,-0.511719,0.790039
51370219523,-0.30957,-0.509277,0.78418
51370234369,-0.310547,-0.510254,0.80127
51370250713,-0.306152,-0.504395,0.795898
51370274802,-0.306152,-0.505371,0.800781
51370295762,-0.304688,-0.508301,0.795898
51370312348,-0.310547,-0.506348,0.794434
51370331875,-0.302734,-0.507324,0.797363
51370354361,-0.306152,-0.504883,0.79834
51370376862,-0.315918,-0.51123,0.792969
51370399375,-0.314453,-0.506836,0.798828
51370421941,-0.306152,-0.501953,0.791016
51370436856,-0.311035,-0.500488,0.800293
51370451880,-0.314453,-0.505859,0.797363
51370477267,-0.315918,-0.502441,0.795898
51370499664,-0.311035,-0.500488,0.802246
51370511847,-0.308105,-0.502441,0.810059
51370534369,-0.309082,-0.5,0.800781
51370556885,-0.311523,-0.500977,0.794434
51370574821,-0.310059,-0.507324,0.794434
51370601789,-0.3125,-0.510254,0.791992
51370625841,-0.30957,-0.510742,0.798828
51370631843,-0.308594,-0.506348,0.797852
51370654365,-0.304688,-0.501953,0.794922
51370679850,-0.307129,-0.513672,0.796875
51370699324,-0.305176,-0.512695,0.800293
51370714370,-0.302246,-0.50293,0.792969
51370736863,-0.300781,-0.506836,0.794434
51370754714,-0.307617,-0.508301,0.791992
51370777333,-0.313965,-0.508789,0.789551
51370796859,-0.311523,-0.510742,0.791992
51370811936,-0.307129,-0.509766,0.790527
51370834379,-0.29541,-0.51123,0.808105
51370856856,-0.293457,-0.507324,0.808105
51370871897,-0.288086,-0.507324,0.80957
51370901832,-0.296387,-0.514648,0.80957
51370916861,-0.299316,-0.525391,0.811035
51370931886,-0.298828,-0.524414,0.813477
51370957251,-0.296875,-0.518555,0.800781
51370979812,-0.309082,-0.512695,0.794434
51370993327,-0.314941,-0.513672,0.791504
51371014388,-0.314941,-0.513672,0.77832
51371036875,-0.316895,-0.51709,0.787109
51371054745,-0.313965,-0.509766,0.788574
51371074363,-0.312988,-0.508301,0.790527
51371105041,-0.307617,-0.505859,0.802246
51371113442,-0.305664,-0.503906,0.797852
51371134374,-0.299316,-0.501953,0.810059
51371165022,-0.297363,-0.504395,0.810059
51371180781,-0.291992,-0.511719,0.813965
51371201869,-0.296387,-0.512207,0.804688
51371216857,-0.302246,-0.509766,0.800781
51371234759,-0.302734,-0.508301,0.79834
51371257332,-0.303223,-0.510742,0.793457
51371285790,-0.312012,-0.518555,0.792969
51371293280,-0.313965,-0.522461,0.783203
51371314359,-0.310547,-0.512695,0.785156
51371336899,-0.311035,-0.512695,0.79248
51371354766,-0.30957,-0.517578,0.790527
51371374390,-0.308105,-0.513672,0.796387
51371405011,-0.302246,-0.510742,0.803223
51371413273,-0.30127,-0.507324,0.803711
51371444801,-0.304688,-0.500977,0.79834
51371459742,-0.308105,-0.502441,0.800781
51371482335,-0.317871,-0.506348,0.794434
51371494409,-0.316895,-0.502441,0.79248
51371516890,-0.309082,-0.504883,0.793457
51371534829,-0.308105,-0.501953,0.796387
51371554337,-0.305176,-0.507812,0.79541
51371584419,-0.307617,-0.503418,0.794922
51371608199,-0.317383,-0.5,0.792969
51371614340,-0.312988,-0.503418,0.79541
51371644375,-0.313477,-0.502441,0.793945
51371662290,-0.31543,-0.505859,0.793945
51371681929,-0.312988,-0.501953,0.797363
51371696896,-0.314453,-0.503906,0.797852
51371719359,-0.313477,-0.501465,0.800781
51371737299,-0.304688,-0.501953,0.800293
51371758405,-0.302734,-0.504883,0.795898
51371789410,-0.307129,-0.50293,0.793457
51371794428,-0.311035,-0.512207,0.793945
51371816872,-0.308105,-0.508301,0.79248
51371839340,-0.312012,-0.506836,0.793945
51371861848,-0.309082,-0.511719,0.801758
51371884412,-0.312012,-0.506836,0.796387
51371899356,-0.312012,-0.508301,0.79834
51371914355,-0.31543,-0.507324,0.797363
51371939773,-0.310059,-0.505371,0.798828
51371959378,-0.30957,-0.507324,0.802734
51371974394,-0.307617,-0.504883,0.805176
51371997013,-0.310547,-0.505371,0.803711
51372019568,-0.308105,-0.507324,0.795898
51372034512,-0.312988,-0.507324,0.794434
51372064394,-0.30957,-0.508789,0.797363
51372087658,-0.309082,-0.511719,0.790039
51372095840,-0.306641,-0.517578,0.800781
51372116919,-0.29834,-0.51123,0.802734
51372139526,-0.304688,-0.509277,0.803711
51372163291,-0.3125,-0.507324,0.794434
51372176925,-0.313477,-0.508789,0.793457
51372199405,-0.312012,-0.505371,0.789062
51372217291,-0.305176,-0.513672,0.80127
51372237232,-0.30127,-0.51123,0.799805
51372267394,-0.309082,-0.507812,0.797852
51372277343,-0.311035,-0.506836,0.79541
51372296882,-0.309082,-0.512207,0.79541
51372319394,-0.308105,-0.510742,0.797852
51372344857,-0.310547,-0.507324,0.797363
51372364479,-0.307129,-0.506348,0.795898
51372379556,-0.30957,-0.504883,0.799805
51372395836,-0.307129,-0.507812,0.796387
51372419787,-0.305664,-0.508789,0.796875
51372442481,-0.308105,-0.511719,0.803223
51372457292,-0.3125,-0.509277,0.794434
51372476969,-0.311035,-0.508789,0.795898
51372499426,-0.311523,-0.512207,0.802246
51372517315,-0.306641,-0.509277,0.797852
51372537065,-0.308594,-0.507324,0.792969
51372566971,-0.306641,-0.504395,0.795898
51372593253,-0.311035,-0.509766,0.79541
51372597988,-0.311035,-0.514648,0.800293
51372619449,-0.308105,-0.508789,0.805664
51372644851,-0.3125,-0.507812,0.80127
51372656970,-0.3125,-0.510742,0.802734
51372679376,-0.317871,-0.508789,0.790527
51372697338,-0.31543,-0.501953,0.783691
51372716935,-0.320801,-0.491699,0.78125
51372739484,-0.308105,-0.483887,0.786133
51372757299,-0.307129,-0.493164,0.791016
51372777160,-0.308594,-0.495605,0.797852
51372799417,-0.314941,-0.5,0.797852
51372821981,-0.309082,-0.503418,0.806641
51372845940,-0.310059,-0.50293,0.812012
51372866906,-0.307129,-0.507812,0.809082
51372882045,-0.3125,-0.511719,0.810059
51372897006,-0.302246,-0.506836,0.807617
51372922313,-0.308594,-0.503418,0.8125
51372942092,-0.306641,-0.510254,0.791016
51372957006,-0.311523,-0.510254,0.791016
51372979455,-0.31543,-0.513184,0.793945
51373001919,-0.3125,-0.508301,0.789551
51373016922,-0.311035,-0.508789,0.796875
51373039573,-0.306152,-0.51123,0.799316
51373070097,-0.306641,-0.512207,0.802734
51373078535,-0.300293,-0.510742,0.799805
51373099528,-0.296387,-0.517578,0.803223
51373121982,-0.293945,-0.516113,0.804688
51373146074,-0.294434,-0.51416,0.806152
51373159450,-0.300293,-0.517578,0.799805
51373181984,-0.30127,-0.509766,0.800781
51373199174,-0.299316,-0.507812,0.802246
51373219404,-0.303711,-0.507324,0.807129
51373242127,-0.307129,-0.506836,0.802734
51373258426,-0.307617,-0.504883,0.800781
51373279440,-0.307129,-0.504395,0.793457
51373301981,-0.30957,-0.507812,0.800293
51373318392,-0.3125,-0.51123,0.794922
51373339462,-0.306152,-0.51123,0.787109
51373361999,-0.304199,-0.511719,0.799805
51373379844,-0.302246,-0.513672,0.803711
51373401572,-0.297852,-0.512207,0.800781
51373423373,-0.294922,-0.513184,0.797363
51373439933,-0.29248,-0.515625,0.799805
51373459489,-0.297363,-0.508789,0.800781
51373481975,-0.296875,-0.511719,0.796387
51373502393,-0.301758,-0.511719,0.800781
51373527001,-0.307617,-0.507812,0.792969
51373551102,-0.305664,-0.511719,0.79834
51373559850,-0.305176,-0.510254,0.79541
51373579454,-0.306152,-0.506836,0.80127
51373604897,-0.312012,-0.504883,0.801758
51373627366,-0.308105,-0.505859,0.79834
51373639459,-0.307129,-0.509766,0.792969
51373662019,-0.309082,-0.509766,0.793945
51373679945,-0.303223,-0.509277,0.803223
51373700233,-0.303223,-0.507324,0.799316
51373721990,-0.300781,-0.509277,0.794922
51373740054,-0.29834,-0.516113,0.798828
51373759608,-0.300293,-0.511719,0.801758
51373782003,-0.294922,-0.51123,0.799316
51373800824,-0.304199,-0.509277,0.801758
51373827025,-0.303223,-0.509277,0.791992
51373842167,-0.306641,-0.509277,0.802734
51373864436,-0.305664,-0.507812,0.800293
51373879463,-0.302734,-0.509277,0.799316
51373903872,-0.302246,-0.510742,0.80127
51373919887,-0.302246,-0.511719,0.798828
51373939454,-0.303223,-0.513184,0.791504
51373962053,-0.306152,-0.512695,0.788574
51373984427,-0.308594,-0.510254,0.793457
51374001873,-0.304688,-0.515137,0.804199
51374029483,-0.304199,-0.51123,0.799805
51374044413,-0.299805,-0.507324,0.800293
51374061155,-0.303711,-0.518555,0.797363
51374081996,-0.303711,-0.518066,0.791992
51374104496,-0.298828,-0.51709,0.794434
51374120975,-0.299316,-0.509277,0.796875
51374141983,-0.301758,-0.508789,0.797363
51374164469,-0.302246,-0.508301,0.804199
51374182356,-0.310059,-0.51123,0.796875
51374202634,-0.312988,-0.513184,0.796875
51374232633,-0.304688,-0.508789,0.795898
51374240951,-0.299316,-0.504883,0.797363
51374262050,-0.30127,-0.511719,0.796875
51374284455,-0.30127,-0.512695,0.800781
51374300962,-0.299805,-0.505859,0.806152
51374322055,-0.308594,-0.513184,0.801758
51374344396,-0.303223,-0.515625,0.796875
51374362458,-0.310547,-0.509766,0.796875
51374384930,-0.306152,-0.507812,0.800781
51374405632,-0.304199,-0.504395,0.799316
51374422407,-0.301758,-0.509766,0.79834
51374441960,-0.300781,-0.516113,0.803711
51374464559,-0.299805,-0.513672,0.795898
51374486961,-0.303223,-0.512207,0.794922
51374502074,-0.305176,-0.506348,0.789551
51374524491,-0.304199,-0.506836,0.800781
51374542453,-0.301758,-0.509766,0.797363
51374561984,-0.296875,-0.507812,0.80127
51374587340,-0.302734,-0.509766,0.807129
51374602372,-0.303223,-0.507324,0.799316
51374622024,-0.305664,-0.508789,0.796387
51374644459,-0.308105,-0.509277,0.797363
51374663104,-0.307129,-0.508789,0.801758
51374681993,-0.303223,-0.509766,0.797852
51374711956,-0.296875,-0.514648,0.802246
51374722391,-0.29834,-0.513672,0.796387
51374742012,-0.299805,-0.510742,0.791504
51374764588,-0.304688,-0.509766,0.791016
51374789961,-0.303711,-0.507812,0.797852
51374809504,-0.29541,-0.51123,0.796387
51374824603,-0.298828,-0.513672,0.803711
51374842380,-0.300293,-0.507812,0.797852
51374864982,-0.302734,-0.501953,0.799316
51374884515,-0.302734,-0.505371,0.787598
51374902426,-0.310059,-0.509766,0.79248
51374922184,-0.305176,-0.509766,0.799805
51374944447,-0.298828,-0.512695,0.806152
51374962497,-0.29541,-0.513672,0.805664
51374983485,-0.30127,-0.505859,0.803223
51375004531,-0.296875,-0.506836,0.800293
51375022430,-0.304688,-0.508301,0.799805
51375044963,-0.307617,-0.513184,0.795898
51375067461,-0.305664,-0.509766,0.796387
51375082418,-0.307617,-0.506348,0.801758
51375103420,-0.303711,-0.51123,0.805664
51375124496,-0.29541,-0.507812,0.800781
51375146988,-0.29541,-0.513184,0.802246
51375163432,-0.298828,-0.51416,0.800293
51375191988,-0.302246,-0.508789,0.796875
51375202363,-0.302734,-0.511719,0.791992
51375223436,-0.301758,-0.515137,0.796875
51375244497,-0.299805,-0.508789,0.799316
51375269975,-0.299805,-0.509277,0.805664
51375290950,-0.303223,-0.506348,0.803711
51375304465,-0.302734,-0.507324,0.79834
51375326968,-0.307617,-0.510742,0.793457
51375344975,-0.303223,-0.509766,0.796387
51375367437,-0.305664,-0.505859,0.795898
51375394487,-0.30127,-0.508789,0.803223
51375404963,-0.302734,-0.514648,0.799316
51375424495,-0.300293,-0.511719,0.793457
51375447003,-0.303711,-0.515625,0.799805
51375472464,-0.29541,-0.514648,0.797363
51375484512,-0.300781,-0.514648,0.800293
51375506983,-0.303223,-0.510742,0.794922
51375524982,-0.299805,-0.510742,0.80127
51375545967,-0.301758,-0.51123,0.805176
51375569972,-0.302246,-0.513184,0.79541
51375584968,-0.299805,-0.510254,0.79541
51375604535,-0.30127,-0.513184,0.797363
51375627040,-0.311035,-0.518066,0.798828
51375644962,-0.309082,-0.514648,0.793945
51375672066,-0.307617,-0.512207,0.794434
51375698058,-0.303711,-0.515137,0.796875
51375704974,-0.297852,-0.512207,0.801758
51375724530,-0.299805,-0.512695,0.795898
51375749975,-0.300781,-0.515137,0.791992
51375772488,-0.306641,-0.51709,0.793457
51375784522,-0.299805,-0.513184,0.794434
51375807030,-0.301758,-0.519043,0.793457
51375825423,-0.302734,-0.512695,0.800781
51375847490,-0.295898,-0.51416,0.801758
51375867103,-0.299805,-0.513672,0.793945
51375899159,-0.302246,-0.517578,0.796387
51375905970,-0.301758,-0.516602,0.80127
51375927008,-0.306152,-0.518555,0.801758
51375952468,-0.306152,-0.519043,0.796875
51375965978,-0.304688,-0.512207,0.793457
51375987025,-0.302246,-0.509766,0.796875
51376004962,-0.301758,-0.515625,0.79834
51376025989,-0.306152,-0.516113,0.797852
51376049956,-0.305664,-0.516113,0.793945
51376064956,-0.303223,-0.515625,0.788574
51376085988,-0.303711,-0.518555,0.793945
51376107088,-0.306152,-0.518066,0.788086
51376125604,-0.305664,-0.516602,0.796875
51376146003,-0.304199,-0.51416,0.791992
51376174520,-0.303223,-0.518555,0.794434
51376185118,-0.302246,-0.523926,0.795898
51376205941,-0.300781,-0.518555,0.788574
51376230031,-0.30127,-0.518555,0.791504
51376252449,-0.30127,-0.517578,0.789551
51376267473,-0.299316,-0.518066,0.786133
51376287296,-0.305664,-0.519043,0.793457
51376304979,-0.308105,-0.521484,0.794922
51376327464,-0.311035,-0.514648,0.79248
51376347063,-0.302246,-0.510742,0.795898
51376364950,-0.30127,-0.515625,0.791504
51376387653,-0.297852,-0.515137,0.79541
51376407009,-0.299805,-0.516602,0.804199
51376432446,-0.303711,-0.518066,0.792969
51376454978,-0.304688,-0.518066,0.79834
51376474723,-0.306641,-0.52002,0.79248
51376489609,-0.305664,-0.517578,0.794922
51376507960,-0.300781,-0.518555,0.80127
51376530103,-0.296387,-0.51709,0.800781
51376549595,-0.299805,-0.519531,0.793457
51376567447,-0.296387,-0.520996,0.791992
51376587112,-0.301758,-0.513672,0.785645
51376609472,-0.309082,-0.516113,0.790039
51376627419,-0.304688,-0.512695,0.789551
51376647299,-0.303711,-0.507324,0.797363
51376677268,-0.299805,-0.51123,0.796387
51376687522,-0.298828,-0.51709,0.795898
51376707056,-0.299805,-0.521973,0.795898
51376732516,-0.299316,-0.518066,0.796387
51376747594,-0.300781,-0.515137,0.793945
51376767053,-0.308594,-0.514648,0.794434
51376789604,-0.300781,-0.518066,0.802734
51376807465,-0.305664,-0.516602,0.796875
51376827025,-0.300293,-0.518555,0.792969
51376857079,-0.30127,-0.51709,0.799316
51376867438,-0.303711,-0.521484,0.80127
51376888566,-0.30127,-0.52002,0.79834
51376909556,-0.303711,-0.515137,0.795898
51376933576,-0.302734,-0.511719,0.796875
51376956042,-0.29834,-0.51416,0.799805
51376969545,-0.300293,-0.514648,0.790527
51376988125,-0.302734,-0.521973,0.798828
51377009974,-0.300293,-0.51709,0.79541
51377029587,-0.302246,-0.513184,0.791992
51377047779,-0.300781,-0.513672,0.792969
51377068493,-0.299316,-0.514648,0.797363
51377089599,-0.300293,-0.510742,0.796875
51377107485,-0.302734,-0.512695,0.79834
51377134720,-0.304688,-0.523926,0.792969
51377157064,-0.306152,-0.51709,0.79541
51377167436,-0.298828,-0.515137,0.797363
51377190078,-0.299316,-0.518066,0.796387
51377212492,-0.298828,-0.516113,0.796875
51377235201,-0.304199,-0.516113,0.797852
51377250026,-0.294922,-0.51709,0.794434
51377269554,-0.300293,-0.518555,0.795898
51377287583,-0.300293,-0.515137,0.791992
51377310023,-0.302734,-0.514648,0.792969
51377329542,-0.29834,-0.521973,0.79834
51377347591,-0.293945,-0.51416,0.793457
51377369943,-0.299316,-0.513184,0.799316
51377389690,-0.302246,-0.516113,0.796387
51377413545,-0.304688,-0.516602,0.791992
51377437562,-0.303223,-0.513672,0.790527
51377449705,-0.29541,-0.51709,0.793945
51377467494,-0.302246,-0.515137,0.79834
51377490181,-0.299316,-0.516113,0.801758
51377512500,-0.297852,-0.516602,0.794922
51377529423,-0.300293,-0.519043,0.797852
51377550222,-0.29834,-0.517578,0.80127
51377569586,-0.297852,-0.518555,0.793457
51377592131,-0.297852,-0.518555,0.79541
51377610170,-0.297852,-0.517578,0.79541
51377630165,-0.304688,-0.513672,0.796387
51377647685,-0.300293,-0.520508,0.794922
51377670015,-0.296387,-0.510742,0.801758
51377692551,-0.298828,-0.512207,0.794922
51377715027,-0.304199,-0.516113,0.805664
51377731953,-0.302246,-0.516113,0.79541
51377749734,-0.300781,-0.511719,0.794922
51377772085,-0.300781,-0.51709,0.802734
51377789988,-0.297363,-0.514648,0.799316
51377811239,-0.30127,-0.51416,0.79541
51377839591,-0.304199,-0.51709,0.791016
51377850102,-0.302246,-0.516113,0.793945
51377871061,-0.304688,-0.517578,0.797363
51377892110,-0.302246,-0.516602,0.797852
51377910179,-0.29541,-0.513672,0.799316
51377931983,-0.294434,-0.51709,0.79834
51377952221,-0.298828,-0.512695,0.793457
51377970451,-0.303223,-0.513672,0.79248
51377992658,-0.300293,-0.518066,0.795898
51378012283,-0.295898,-0.519531,0.792969
51378030042,-0.298828,-0.511719,0.799316
51378051143,-0.299805,-0.510742,0.799316
51378072115,-0.299805,-0.516602,0.79834
51378096039,-0.302246,-0.512695,0.794434
51378117143,-0.297852,-0.511719,0.79248
51378133011,-0.294922,-0.513184,0.791992
51378149999,-0.297363,-0.516602,0.803711
51378172520,-0.299805,-0.51709,0.799805
51378194989,-0.29834,-0.519043,0.79541
51378210182,-0.302734,-0.513184,0.794922
51378232485,-0.297852,-0.517578,0.79541
51378252273,-0.297363,-0.515625,0.796875
51378270001,-0.30127,-0.519531,0.795898
51378292505,-0.303223,-0.513184,0.79834
51378319784,-0.29541,-0.511719,0.797363
51378329987,-0.298828,-0.513184,0.795898
51378352760,-0.293457,-0.520508,0.800781
51378375020,-0.29834,-0.516113,0.793457
51378397551,-0.302734,-0.51416,0.793457
51378420092,-0.29541,-0.513672,0.797852
51378432076,-0.29834,-0.518066,0.79834
51378450247,-0.302734,-0.518066,0.796387
51378480016,-0.299805,-0.513184,0.793945
51378492121,-0.304199,-0.51416,0.797363
51378510195,-0.30127,-0.518066,0.796387
51378532512,-0.296875,-0.519043,0.797363
51378552258,-0.296387,-0.507324,0.797852
51378570168,-0.299316,-0.514648,0.791992
51378597199,-0.30127,-0.518066,0.790527
51378619789,-0.302246,-0.51709,0.79248
51378630041,-0.297363,-0.513672,0.798828
51378652708,-0.304199,-0.51123,0.794434
51378675056,-0.297852,-0.513184,0.786133
51378697625,-0.292969,-0.511719,0.79834
51378712558,-0.295898,-0.52002,0.796875
51378733561,-0.297363,-0.518555,0.801758
51378750701,-0.299805,-0.519043,0.795898
51378772542,-0.304688,-0.513184,0.80127
51378801099,-0.296875,-0.517578,0.797363
51378810188,-0.297363,-0.51123,0.802246
51378832529,-0.30127,-0.509766,0.793945
51378853761,-0.304688,-0.515625,0.79248
51378877621,-0.297852,-0.513672,0.796875
51378900008,-0.297363,-0.515137,0.796875
51378913622,-0.303223,-0.513672,0.793457
51378930532,-0.300781,-0.515137,0.794922
51378952563,-0.30127,-0.518555,0.792969
51378975096,-0.295898,-0.522949,0.796387
51378994596,-0.291992,-0.515625,0.797852
51379012519,-0.297363,-0.519531,0.796387
51379033608,-0.297852,-0.516602,0.794922
51379054681,-0.300781,-0.517578,0.79834
51379080054,-0.300781,-0.517578,0.799805
51379102529,-0.29834,-0.511719,0.797363
51379114689,-0.30127,-0.515137,0.795898
51379132575,-0.30127,-0.51709,0.798828
51379155029,-0.299805,-0.515137,0.799805
51379174785,-0.29541,-0.513184,0.803223
51379192510,-0.296875,-0.511719,0.79541
51379215089,-0.305664,-0.516602,0.797363
51379234639,-0.30127,-0.513672,0.797363
51379252508,-0.301758,-0.512695,0.797363
51379282608,-0.304199,-0.516602,0.797852
51379302087,-0.297852,-0.51416,0.804688
51379312570,-0.296875,-0.512695,0.798828
51379335151,-0.293945,-0.51416,0.794922
51379357565,-0.30127,-0.51416,0.796387
51379380191,-0.308105,-0.519531,0.791992
51379395088,-0.29834,-0.518066,0.801758
51379417571,-0.297363,-0.51123,0.798828
51379432542,-0.299316,-0.514648,0.793945
51379455095,-0.297852,-0.513184,0.802246
51379474842,-0.302246,-0.520996,0.79541
51379492620,-0.29541,-0.512207,0.793457
51379515106,-0.297852,-0.514648,0.797363
51379534689,-0.301758,-0.512695,0.791992
51379560073,-0.303223,-0.510254,0.793945
51379582583,-0.299805,-0.509277,0.800293
51379594616,-0.30127,-0.512207,0.801758
51379612626,-0.299805,-0.510254,0.798828
51379635142,-0.29834,-0.516113,0.795898
51379657556,-0.307129,-0.515625,0.800293
51379672604,-0.30127,-0.52002,0.797363
51379695066,-0.302246,-0.514648,0.796387
51379716173,-0.300781,-0.51416,0.794434
51379732551,-0.297363,-0.51709,0.802246
51379762563,-0.301758,-0.514648,0.797363
51379783666,-0.297852,-0.515137,0.794922
51379792574,-0.29541,-0.51709,0.793457
51379815062,-0.294434,-0.518066,0.796387
51379836187,-0.302246,-0.516602,0.79541
51379860037,-0.30127,-0.515137,0.797852
51379875263,-0.298828,-0.513672,0.801758
51379896152,-0.303223,-0.516113,0.79541
51379912586,-0.299316,-0.515625,0.796875
51379935261,-0.300781,-0.519531,0.793457
51379958316,-0.296387,-0.51123,0.800293
51379972610,-0.303223,-0.51416,0.797363
51379995102,-0.302246,-0.515625,0.796387
51380016197,-0.302734,-0.512695,0.803223
51380039345,-0.30127,-0.51416,0.795898
51380062605,-0.299316,-0.516602,0.795898
51380077663,-0.300293,-0.516602,0.799316
51380092622,-0.296875,-0.515625,0.794922
51380115106,-0.297363,-0.514648,0.802734
51380136777,-0.302246,-0.514648,0.804199
51380157869,-0.299805,-0.515137,0.788574
51380175216,-0.306152,-0.510254,0.789062
51380197607,-0.302734,-0.51709,0.795898
51380217836,-0.296387,-0.516602,0.796875
51380234326,-0.292969,-0.514648,0.797363
51380264253,-0.29541,-0.51709,0.799316
51380285466,-0.293945,-0.519043,0.79541
51380294320,-0.301758,-0.516113,0.799316
51380316790,-0.29834,-0.515137,0.791016
51380339277,-0.298828,-0.513672,0.798828
51380362748,-0.299316,-0.515625,0.791016
51380376810,-0.299316,-0.511719,0.797852
51380414828,-0.303223,-0.512207,0.799805
51380417235,-0.300293,-0.515625,0.794434
51380436827,-0.298828,-0.51709,0.797852
51380458242,-0.295898,-0.512695,0.803223
51380474330,-0.301758,-0.51709,0.790039
51380496922,-0.306152,-0.513672,0.794922
51380517859,-0.302246,-0.51416,0.798828
51380541875,-0.297852,-0.514648,0.800293
51380556565,-0.30127,-0.517578,0.79541
51380577844,-0.301758,-0.510254,0.797852
51380594383,-0.303711,-0.520508,0.79834
51380616775,-0.299805,-0.51709,0.794922
51380637966,-0.30127,-0.516113,0.797363
51380654272,-0.299805,-0.513184,0.79541
51380676934,-0.304688,-0.516113,0.794922
51380697870,-0.307617,-0.519531,0.800293
51380714298,-0.303223,-0.51709,0.796387
51380736812,-0.29834,-0.51416,0.794434
51380758506,-0.297363,-0.51416,0.799805
51380774290,-0.307617,-0.518555,0.794922
51380796606,-0.304199,-0.519531,0.801758
51380820741,-0.305176,-0.521484,0.802246
51380840434,-0.304199,-0.515625,0.794434
51380856817,-0.300293,-0.514648,0.798828
51380877901,-0.29834,-0.512207,0.797363
51380894305,-0.300293,-0.516113,0.792969
51380916796,-0.303711,-0.51709,0.800293
51380938056,-0.305176,-0.520508,0.792969
51380954315,-0.311523,-0.518555,0.786621
51380976737,-0.305664,-0.516113,0.791992
51380999320,-0.303711,-0.515137,0.794922
51381014950,-0.303223,-0.516113,0.790527
51381044361,-0.299316,-0.514648,0.790039
51381059313,-0.29834,-0.518555,0.796387
51381074959,-0.305176,-0.522949,0.789551
51381096851,-0.303711,-0.520508,0.788086
51381119290,-0.304199,-0.520996,0.794922
51381133639,-0.304199,-0.515137,0.794434
51381156812,-0.302246,-0.511719,0.801758
51381179359,-0.304688,-0.512695,0.793945
51381193684,-0.307129,-0.518066,0.791992
51381222893,-0.307617,-0.521973,0.789551
51381246849,-0.300293,-0.513184,0.790527
51381253680,-0.307129,-0.517578,0.791992
51381277188,-0.30957,-0.513184,0.790527
51381299356,-0.299316,-0.521973,0.799316
51381320379,-0.299316,-0.513672,0.79834
51381336857,-0.301758,-0.517578,0.79541
51381359302,-0.303223,-0.514648,0.79541
51381380339,-0.301758,-0.514648,0.796387
51381396901,-0.299316,-0.518066,0.795898
51381419113,-0.29834,-0.515625,0.799316
51381447918,-0.293457,-0.517578,0.804688
51381456853,-0.302246,-0.517578,0.795898
51381479560,-0.304688,-0.513672,0.794434
51381501820,-0.298828,-0.512695,0.79541
51381524362,-0.303223,-0.516602,0.792969
51381539343,-0.306152,-0.519043,0.79541
51381560573,-0.307617,-0.517578,0.795898
51381578609,-0.305176,-0.513184,0.794922
51381599846,-0.301758,-0.513672,0.793457
51381620445,-0.297852,-0.511719,0.802734
51381636869,-0.297363,-0.520508,0.794434
51381659386,-0.296387,-0.519531,0.793945
51381680306,-0.299805,-0.520508,0.790527
51381702945,-0.302734,-0.519043,0.790527
51381726802,-0.307617,-0.517578,0.789551
51381747875,-0.300293,-0.516602,0.796875
51381756616,-0.29834,-0.51416,0.794922
51381782008,-0.305664,-0.510254,0.797363
51381801878,-0.305176,-0.518555,0.794434
51381816899,-0.302246,-0.52002,0.785645
51381839413,-0.299316,-0.515137,0.80127
51381860490,-0.300781,-0.519531,0.792969
51381876779,-0.307617,-0.511719,0.797363
51381899351,-0.297852,-0.511719,0.791992
51381929330,-0.296875,-0.513184,0.797363
51381936870,-0.294922,-0.51416,0.802246
51381959396,-0.301758,-0.519531,0.803223
51381982861,-0.300781,-0.513184,0.794922
51382004506,-0.303711,-0.515137,0.793945
51382026852,-0.305176,-0.516113,0.797852
51382041873,-0.30127,-0.512695,0.794922
51382056208,-0.301758,-0.515625,0.801758
51382079371,-0.302246,-0.517578,0.79248
51382101955,-0.301758,-0.52002,0.79541
51382116259,-0.296875,-0.514648,0.791992
51382154411,-0.301758,-0.514648,0.792969
51382161829,-0.303223,-0.515137,0.800781
51382176294,-0.299805,-0.51416,0.790039
51382206905,-0.30127,-0.510742,0.79834
51382229333,-0.299316,-0.51123,0.79834
51382236138,-0.302734,-0.511719,0.795898
51382259334,-0.303223,-0.514648,0.800781
51382283591,-0.298828,-0.515137,0.787598
51382304357,-0.29834,-0.513184,0.796387
51382319456,-0.302734,-0.519043,0.800293
51382356772,-0.301758,-0.515625,0.80127
51382359386,-0.306152,-0.512695,0.799805
51382379328,-0.308594,-0.515625,0.793945
51382409363,-0.299316,-0.511719,0.794434
51382430373,-0.299316,-0.509277,0.803223
51382439315,-0.298828,-0.505859,0.793457
51382468009,-0.307129,-0.512207,0.793945
51382485807,-0.300293,-0.503906,0.790527
51382506877,-0.296387,-0.508301,0.793457
51382521897,-0.296875,-0.513672,0.796875
51382542990,-0.308105,-0.509766,0.800293
51382559449,-0.303711,-0.509766,0.8125
51382581823,-0.292969,-0.523926,0.816406
51382610667,-0.301758,-0.520508,0.806152
51382619377,-0.300781,-0.51123,0.8125
51382641868,-0.299805,-0.509766,0.805176
51382663152,-0.305176,-0.510254,0.813965
51382685363,-0.307617,-0.513184,0.808105
51382709455,-0.311523,-0.499023,0.810547
51382722984,-0.313477,-0.499023,0.807617
51382739387,-0.31543,-0.500977,0.796875
51382761842,-0.310059,-0.500977,0.80957
51382784376,-0.297852,-0.496582,0.828613
51382799403,-0.287109,-0.48877,0.839844
51382821907,-0.304688,-0.485352,0.830078
51382844382,-0.318359,-0.494141,0.825195
51382859391,-0.321289,-0.520996,0.812012
51382889396,-0.322266,-0.514648,0.805176
51382911906,-0.323242,-0.515625,0.796875
51382919460,-0.329102,-0.501953,0.786133
51382941959,-0.339844,-0.48877,0.785156
51382970455,-0.339355,-0.501465,0.789551
51382986891,-0.34375,-0.512695,0.777832
51383001825,-0.339844,-0.507324,0.771973
51383024408,-0.34082,-0.504883,0.754883
51383038700,-0.358398,-0.484863,0.76123
51383062352,-0.375977,-0.488281,0.765137
51383084404,-0.363281,-0.510742,0.775391
51383098738,-0.344238,-0.498047,0.784668
51383121966,-0.390137,-0.459473,0.77832
51383144351,-0.38623,-0.476074,0.779297
51383166969,-0.361328,-0.483887,0.79248
51383189343,-0.334961,-0.501465,0.812012
51383204360,-0.334473,-0.499512,0.802734
51383218751,-0.35498,-0.486328,0.770996
51383241960,-0.374512,-0.492676,0.794434
51383264383,-0.344238,-0.51123,0.788574
51383278852,-0.330566,-0.500488,0.785645
51383301844,-0.340332,-0.51416,0.797363
51383324421,-0.35498,-0.514648,0.786133
51383345410,-0.362793,-0.512695,0.78125
51383369467,-0.365234,-0.530273,0.782227
51383391976,-0.354004,-0.533203,0.777344
51383413166,-0.350586,-0.531738,0.771484
51383422031,-0.348145,-0.541992,0.772949
51383444363,-0.333008,-0.547852,0.777832
51383467002,-0.333496,-0.542969,0.770996
51383482013,-0.34082,-0.550781,0.775391
51383504338,-0.342773,-0.554199,0.781738
51383525641,-0.338867,-0.544434,0.783691
51383542373,-0.341309,-0.540527,0.783203
51383564428,-0.340332,-0.549316,0.793945
51383592985,-0.336914,-0.552734,0.789551
51383602217,-0.335449,-0.571777,0.796387
51383624431,-0.327148,-0.595215,0.802734
51383645435,-0.293457,-0.587402,0.800781
51383669416,-0.258789,-0.580078,0.807617
51383684515,-0.225098,-0.575195,0.811523
51383705447,-0.20166,-0.594238,0.829102
51383721305,-0.246582,-0.628418,0.819824
51383744400,-0.200195,-0.615723,0.813477
51383765432,-0.152832,-0.606445,0.812988
51383781253,-0.0883789,-0.584961,0.807617
51383807211,-0.081543,-0.59082,0.797852
51383827158,-0.0932617,-0.621094,0.802734
51383841230,-0.0805664,-0.629395,0.803711
51383872029,-0.0322266,-0.603516,0.794434
51383894379,0.0200195,-0.597168,0.796387
51383901212,0.0507812,-0.613281,0.806152
51383924396,0.0703125,-0.640137,0.790527
51383946985,0.11084,-0.631836,0.780762
51383969472,0.161621,-0.625,0.735352
51383984460,0.201172,-0.608398,0.762695
51384008793,0.249023,-0.617676,0.723633
51384028095,0.254395,-0.624512,0.746094
51384044390,0.279297,-0.646484,0.748535
51384074434,0.301758,-0.645508,0.724609
51384096966,0.324219,-0.59375,0.746094
51384104373,0.373535,-0.584961,0.768555
51384127067,0.359375,-0.583496,0.79248
51384148009,0.338379,-0.520996,0.721191
51384172094,0.307129,-0.479004,0.784668
51384187070,0.273926,-0.503906,0.814941
51384207970,0.277344,-0.606445,0.753906
51384224434,0.26416,-0.648926,0.717773
51384247035,0.224121,-0.565918,0.759766
51384275637,0.261719,-0.525879,0.712891
51384298019,0.215332,-0.512695,0.757324
51384306947,0.140625,-0.587891,0.753906
51384328085,0.130859,-0.605957,0.745605
51384351978,0.192383,-0.568359,0.709473
51384374413,0.154297,-0.55127,0.743652
51384388174,0.120117,-0.621094,0.751953
51384410435,0.165527,-0.616699,0.760254
51384427049,0.19043,-0.550781,0.727539
51384449507,0.17041,-0.565918,0.73877
51384464413,0.152832,-0.609863,0.769531
51384487030,0.116211,-0.612305,0.779785
51384508047,0.123535,-0.55957,0.763672
51384524506,0.137207,-0.540039,0.752441
51384547027,0.120117,-0.561035,0.779297
51384575566,0.129883,-0.60498,0.779785
51384584438,0.147461,-0.585938,0.761719
51384606983,0.151367,-0.563965,0.75293
51384629481,0.130371,-0.535156,0.771484
51384651977,0.143555,-0.594727,0.786133
51384666941,0.149414,-0.604492,0.782715
51384688187,0.155273,-0.588867,0.756836
51384704426,0.140625,-0.606934,0.756836
51384726990,0.133301,-0.598633,0.790527
51384755485,0.127441,-0.586914,0.821289
51384764394,0.161621,-0.586426,0.806641
51384787045,0.180176,-0.60791,0.797363
51384809406,0.169434,-0.63623,0.772461
51384832024,0.147949,-0.614258,0.776855
51384854493,0.117188,-0.601074,0.774414
51384869412,0.109863,-0.646484,0.789551
51384883763,0.107422,-0.654785,0.797363
51384906981,0.128906,-0.604492,0.785156
51384929418,0.121094,-0.563965,0.805664
51384943833,0.12207,-0.614258,0.796875
51384966942,0.14209,-0.612305,0.761719
51384989546,0.132812,-0.621582,0.753906
51385003867,0.145508,-0.640625,0.764648
51385034446,0.176758,-0.625,0.766113
51385057025,0.197266,-0.640137,0.76416
51385063802,0.199707,-0.64502,0.709961
51385086963,0.15918,-0.683594,0.745605
51385109447,0.133301,-0.675293,0.756348
51385132154,0.155273,-0.615723,0.728516
51385147027,0.143555,-0.608887,0.710449
51385169423,0.138184,-0.671387,0.730957
51385183766,0.132812,-0.708984,0.743652
51385206960,0.128906,-0.695801,0.756836
51385229447,0.124512,-0.65332,0.719727
51385258093,0.107422,-0.634766,0.719238
51385266949,0.109375,-0.661133,0.728516
51385289505,0.130371,-0.668457,0.710938
51385311981,0.117676,-0.665527,0.709961
51385334610,0.110352,-0.650879,0.723633
51385350169,0.125977,-0.638184,0.725586
51385370499,0.131348,-0.654785,0.712402
51385387017,0.116211,-0.684082,0.716797
51385409490,0.115723,-0.693848,0.729004
51385430494,0.116211,-0.641113,0.756348
51385447061,0.141113,-0.62793,0.720703
51385469549,0.17041,-0.676758,0.686035
51385490539,0.15625,-0.70459,0.709961
51385506983,0.13916,-0.705078,0.72168
51385537018,0.151855,-0.680664,0.703613
51385551138,0.174805,-0.685547,0.697266
51385567016,0.178223,-0.690918,0.709961
51385589579,0.1875,-0.687988,0.70166
51385611987,0.193359,-0.686035,0.692871
51385634464,0.19043,-0.684082,0.683594
51385649516,0.197266,-0.678711,0.686035
51385670538,0.200684,-0.643555,0.669922
51385686262,0.225098,-0.676758,0.659668
51385709486,0.252441,-0.703125,0.647461
51385747064,0.240723,-0.693848,0.662109
51385749328,0.248535,-0.706543,0.655273
51385769483,0.237793,-0.681152,0.660156
51385791995,0.272949,-0.689941,0.650879
51385814465,0.305664,-0.737793,0.657227
51385837004,0.277832,-0.751465,0.650391
51385852014,0.294922,-0.729492,0.640625
51385866382,0.307129,-0.72998,0.623535
51385889479,0.292969,-0.720215,0.615723
51385912046,0.286621,-0.735352,0.615234
51385926353,0.3125,-0.739258,0.623535
51385949530,0.316895,-0.752441,0.629883
51385971987,0.30957,-0.753906,0.628418
51385986343,0.308594,-0.751465,0.619141
51386016965,0.316895,-0.745605,0.613281
51386031956,0.325684,-0.743652,0.637207
51386046288,0.318359,-0.749023,0.643555
51386069478,0.324707,-0.750488,0.617676
51386091987,0.311035,-0.73877,0.62793
51386114458,0.310547,-0.72998,0.616211
51386129947,0.304688,-0.727539,0.626953
51386152056,0.300293,-0.731934,0.616699
51386173032,0.289062,-0.740234,0.606934
51386189442,0.27832,-0.730469,0.604004
51386219469,0.286621,-0.723145,0.605469
51386240467,0.281738,-0.740234,0.587891
51386249503,0.264648,-0.753906,0.583496
51386271764,0.248047,-0.739258,0.587402
51386295959,0.268555,-0.76123,0.60498
51386317001,0.276367,-0.775879,0.583984
51386332451,0.259277,-0.76416,0.585449
51386353213,0.260742,-0.757324,0.590332
51386369513,0.272949,-0.768066,0.583496
51386392419,0.257324,-0.785645,0.581055
51386421007,0.255371,-0.802734,0.591309
51386431007,0.244141,-0.787109,0.591309
51386452009,0.255371,-0.791992,0.574219
51386473036,0.243652,-0.791504,0.585938
51386495550,0.231445,-0.789551,0.593262
51386519516,0.237305,-0.79541,0.594727
51386533043,0.227051,-0.814941,0.591797
51386549550,0.215332,-0.81543,0.609863
51386571991,0.222168,-0.804688,0.601074
51386593031,0.230957,-0.805176,0.602051
51386609462,0.216797,-0.81543,0.597168
51386631998,0.212891,-0.813477,0.59668
51386654501,0.208984,-0.812988,0.597168
51386669520,0.213379,-0.805664,0.594238
51386698012,0.212402,-0.802734,0.580566
51386722045,0.207031,-0.80957,0.568359
51386729497,0.203613,-0.804199,0.566895
51386752065,0.203125,-0.817871,0.572754
51386774538,0.197266,-0.806641,0.567871
51386797006,0.203125,-0.799805,0.56543
51386812067,0.212402,-0.811035,0.569336
51386834444,0.210449,-0.806641,0.565918
51386848844,0.221191,-0.802246,0.55957
51386872048,0.211914,-0.805664,0.566895
51386894468,0.211914,-0.807617,0.569336
51386915596,0.211914,-0.801758,0.568848
51386932051,0.216797,-0.807129,0.562988
51386954619,0.205566,-0.8125,0.56543
51386969542,0.205566,-0.807129,0.5625
51386999518,0.200684,-0.804688,0.561523
51387020548,0.210449,-0.805176,0.558105
51387028876,0.205078,-0.811035,0.566895
51387052038,0.202148,-0.819336,0.559082
51387074599,0.206055,-0.813477,0.561523
51387088850,0.201172,-0.813965,0.554688
51387111986,0.199707,-0.813477,0.564453
51387134527,0.203613,-0.820801,0.569824
51387163071,0.204102,-0.811523,0.554199
51387172045,0.20459,-0.81543,0.558594
51387202000,0.203613,-0.807617,0.552734
51387215475,0.20752,-0.807129,0.557129
51387232091,0.208008,-0.805664,0.564941
51387254535,0.209961,-0.814941,0.561035
51387277054,0.207031,-0.814453,0.564453
51387292023,0.212891,-0.813477,0.556152
51387314501,0.217285,-0.806641,0.557129
51387352550,0.209473,-0.806152,0.553711
51387355023,0.19873,-0.818359,0.5625
51387374572,0.203613,-0.816895,0.567871
51387404483,0.212891,-0.818359,0.563477
51387412047,0.211426,-0.814941,0.566406
51387434502,0.211426,-0.817383,0.552734
51387455590,0.206543,-0.8125,0.555176
51387478264,0.206543,-0.814453,0.560547
51387502014,0.209961,-0.815918,0.558594
51387515596,0.202148,-0.811035,0.555664
51387532088,0.203125,-0.811523,0.554688
51387554589,0.20752,-0.807617,0.55957
51387577089,0.213379,-0.813965,0.551758
51387592046,0.212402,-0.804199,0.541992
51387614573,0.210449,-0.815918,0.547852
51387637055,0.208984,-0.811035,0.552734
51387652015,0.213379,-0.813965,0.55127
51387682475,0.210938,-0.814941,0.555664
51387704540,0.211914,-0.809082,0.5625
51387711367,0.215332,-0.811523,0.558105
51387740644,0.217285,-0.8125,0.552246
51387758137,0.210449,-0.817383,0.561035
51387771430,0.210938,-0.81543,0.555664
51387794552,0.217285,-0.8125,0.560547
51387817067,0.219238,-0.816406,0.552246
51387831392,0.211914,-0.814453,0.559082
51387854651,0.214355,-0.813965,0.552734
51387884687,0.220215,-0.810547,0.556641
51387891444,0.21582,-0.812012,0.556641
51387914786,0.222656,-0.811523,0.558105
51387937108,0.220215,-0.814453,0.558594
51387951347,0.213379,-0.809082,0.55127
51387982109,0.211914,-0.816895,0.5625
51387997063,0.218262,-0.819824,0.557617
51388018087,0.219727,-0.816895,0.559082
51388035083,0.216797,-0.812988,0.554199
51388057154,0.21582,-0.821777,0.557129
51388085698,0.211914,-0.816895,0.554688
51388095208,0.219238,-0.814941,0.553711
51388117031,0.214844,-0.815918,0.560059
51388138122,0.216797,-0.809082,0.545898
51388154574,0.211914,-0.8125,0.552734
51388177719,0.215332,-0.813965,0.549316
51388198074,0.216797,-0.812988,0.55127
51388214536,0.213379,-0.817871,0.551758
51388237071,0.211426,-0.8125,0.555176
51388259511,0.215332,-0.812012,0.544922
51388274719,0.21582,-0.817383,0.556152
51388297645,0.216309,-0.811523,0.547363
51388318121,0.217773,-0.819336,0.545898
51388334585,0.21582,-0.816895,0.555176
51388365516,0.215332,-0.808105,0.545898
51388378156,0.211914,-0.821777,0.548828
51388394633,0.21582,-0.818359,0.552246
51388417108,0.217285,-0.816406,0.556641
51388438231,0.216309,-0.817383,0.549316
51388462010,0.21582,-0.814941,0.556152
51388477109,0.216797,-0.816406,0.55127
51388498197,0.211914,-0.815918,0.550293
51388514557,0.207031,-0.818848,0.558594
51388537181,0.214355,-0.824219,0.555176
51388559586,0.215332,-0.813965,0.557617
51388574598,0.212402,-0.80957,0.54834
51388597075,0.211914,-0.816406,0.545898
51388619562,0.209961,-0.820801,0.552734
51388640714,0.212891,-0.817871,0.54834
51388656829,0.213867,-0.817871,0.545898
51388679545,0.214844,-0.818359,0.553711
51388693973,0.217773,-0.818848,0.543457
51388717039,0.216797,-0.820312,0.547363
51388739652,0.220215,-0.816895,0.546387
51388753970,0.217773,-0.818848,0.547363
51388777076,0.213867,-0.820312,0.557129
51388799610,0.214355,-0.816895,0.553711
51388814370,0.218262,-0.819824,0.54834
51388837196,0.214844,-0.821777,0.547363
51388867085,0.216797,-0.820312,0.558105
51388873954,0.218262,-0.819336,0.54834
51388897157,0.21582,-0.820801,0.546875
51388919609,0.21582,-0.823242,0.548828
51388942093,0.208984,-0.818359,0.549805
51388964537,0.214844,-0.817383,0.547852
51388979727,0.213867,-0.819336,0.548828
51389000704,0.218262,-0.817871,0.543457
51389017096,0.21582,-0.81543,0.54834
51389039606,0.212891,-0.816895,0.547852
51389068173,0.214844,-0.811035,0.541016
51389076879,0.21875,-0.818359,0.542969
51389107101,0.219727,-0.818848,0.548828
51389120659,0.21875,-0.813965,0.546875
51389144579,0.21582,-0.819824,0.549805
51389167095,0.217285,-0.821777,0.551758
51389180664,0.22168,-0.813965,0.548828
51389196899,0.219727,-0.817871,0.545898
51389221040,0.212891,-0.81543,0.548828
51389242156,0.213379,-0.817871,0.54248
51389257182,0.215332,-0.820801,0.546387
51389279595,0.214355,-0.816895,0.537109
51389300660,0.216797,-0.813965,0.540039
51389317062,0.218262,-0.820312,0.547852
51389339671,0.214355,-0.816406,0.544922
51389368170,0.214355,-0.819336,0.54834
51389378141,0.211426,-0.814453,0.545898
51389399628,0.216309,-0.818359,0.546387
51389420634,0.21875,-0.822754,0.546387
51389444637,0.220703,-0.814941,0.552246
51389459582,0.213379,-0.816895,0.546387
51389480676,0.219238,-0.815918,0.544922
51389497136,0.224121,-0.822266,0.543945
51389519603,0.215332,-0.815918,0.537109
51389542496,0.215332,-0.818848,0.543945
51389557288,0.217773,-0.817871,0.552734
51389580734,0.21875,-0.821777,0.552734
51389602107,0.221191,-0.815918,0.551758
51389616450,0.217285,-0.821289,0.555664
51389647182,0.212891,-0.819336,0.553223
51389662126,0.218262,-0.82373,0.548828
51389676386,0.216797,-0.824707,0.546875
51389699598,0.218262,-0.825684,0.540039
51389722098,0.212402,-0.821289,0.54541
51389736462,0.213867,-0.820801,0.539062
51389759684,0.217773,-0.822266,0.542969
51389783943,0.216797,-0.821777,0.543945
51389796538,0.219238,-0.823242,0.552246
51389827068,0.215332,-0.813477,0.538086
51389849612,0.214355,-0.817871,0.545898
51389856478,0.216309,-0.813965,0.54248
51389879594,0.21875,-0.814941,0.543945
51389902148,0.211914,-0.825195,0.537598
51389924637,0.21582,-0.821289,0.548828
51389939584,0.222168,-0.813965,0.543945
51389962155,0.215332,-0.821777,0.55127
51389983190,0.22168,-0.830566,0.542969
51389999655,0.221191,-0.819336,0.542969
51390022131,0.213379,-0.82373,0.542969
51390050664,0.210449,-0.821289,0.552734
51390059611,0.213379,-0.816895,0.550781
51390082114,0.21582,-0.817871,0.549316
51390103161,0.22168,-0.822266,0.54248
51390127096,0.212891,-0.829102,0.537109
51390142134,0.215332,-0.826172,0.54248
51390163188,0.22168,-0.817871,0.541992
51390180094,0.21875,-0.822754,0.541504
51390202099,0.21875,-0.819824,0.541992
51390223223,0.21875,-0.822754,0.539062
51390239628,0.21582,-0.824707,0.539551
51390262113,0.222656,-0.82666,0.539551
51390283144,0.224121,-0.82373,0.549316
51390307137,0.217773,-0.818848,0.538574
51390329618,0.22168,-0.820801,0.54834
51390342947,0.21875,-0.820312,0.543945
51390359669,0.222168,-0.823242,0.536133
51390382107,0.217773,-0.824219,0.54248
51390403159,0.223633,-0.819824,0.541016
51390419693,0.216797,-0.820801,0.54248
51390442122,0.224121,-0.825195,0.539551
51390464686,0.21875,-0.823242,0.539062
51390479672,0.220703,-0.820801,0.542969
51390502096,0.223145,-0.82373,0.543945
51390532134,0.218262,-0.816406,0.538086
51390539642,0.220703,-0.815918,0.540039
51390562142,0.218262,-0.823242,0.544922
51390584661,0.221191,-0.824707,0.54248
51390607147,0.220703,-0.821777,0.538574
51390629627,0.220215,-0.819336,0.535645
51390644618,0.220215,-0.826172,0.543457
51390658997,0.220215,-0.814941,0.538086
51390682119,0.220215,-0.816406,0.537109
51390704672,0.221191,-0.824707,0.542969
51390719012,0.225098,-0.824219,0.540527
51390742393,0.220703,-0.82373,0.536621
51390764672,0.216797,-0.820801,0.543945
51390778980,0.210938,-0.823242,0.537598
51390809694,0.216797,-0.818848,0.541016
51390824662,0.218262,-0.819336,0.538086
51390838991,0.216309,-0.82666,0.54834
51390862136,0.220215,-0.82373,0.547363
51390884757,0.216309,-0.820312,0.540527
51390907142,0.213867,-0.822754,0.541992
51390922161,0.220215,-0.816895,0.542969
51390960325,0.217285,-0.822754,0.544434
51390965680,0.225098,-0.822266,0.536133
51390982138,0.222656,-0.82373,0.539551
51391012146,0.227539,-0.820312,0.540527
51391027178,0.22168,-0.822266,0.540039
51391042112,0.222656,-0.82373,0.541504
51391064636,0.219238,-0.823242,0.54541
51391087136,0.223633,-0.832031,0.541504
51391109664,0.226074,-0.817871,0.538574
51391124794,0.223633,-0.821777,0.54248
51391146077,0.217773,-0.825195,0.545898
51391162220,0.21875,-0.82666,0.543945
51391184652,0.224121,-0.817383,0.535645
51391213244,0.216797,-0.825195,0.541992
51391229706,0.215332,-0.820312,0.533203
51391244611,0.214844,-0.820801,0.535156
51391265698,0.223145,-0.827148,0.53418
51391282152,0.222168,-0.825684,0.532227
51391304403,0.221191,-0.822754,0.539062
51391325744,0.219238,-0.819336,0.541504
51391342143,0.222656,-0.827148,0.541016
51391364723,0.228516,-0.827148,0.534668
51391387218,0.222656,-0.821289,0.541016
51391404105,0.225098,-0.821289,0.54248
51391424661,0.223145,-0.824707,0.537598
51391447148,0.220703,-0.823242,0.544922
51391462144,0.222656,-0.824707,0.537598
51391484665,0.220703,-0.827148,0.544434
51391514740,0.220703,-0.82373,0.53418
51391521527,0.21875,-0.822754,0.537598
51391544694,0.217773,-0.829102,0.54834
51391567211,0.224609,-0.823242,0.542969
51391588256,0.222168,-0.827637,0.539551
51391604654,0.219238,-0.825195,0.531738
51391627185,0.220215,-0.825195,0.536621
51391641550,0.225098,-0.817383,0.531738
51391664706,0.221191,-0.822266,0.540039
51391687220,0.220215,-0.825195,0.538086
51391701467,0.222168,-0.82373,0.535645
51391724695,0.222656,-0.826172,0.532715
51391747161,0.22168,-0.829102,0.539062
51391761518,0.217773,-0.822266,0.540039
51391790732,0.224121,-0.822754,0.539551
51391808186,0.227051,-0.829102,0.540527
51391828439,0.218262,-0.819824,0.541504
51391844692,0.218262,-0.82666,0.539551
51391867239,0.222168,-0.826172,0.538086
51391888470,0.223145,-0.830566,0.540039
51391904637,0.222168,-0.825195,0.542969
51391927204,0.217773,-0.819824,0.533203
51391948234,0.217773,-0.824707,0.536621
51391970684,0.21875,-0.83252,0.539551
51391994693,0.222168,-0.828125,0.536133
51392015769,0.219727,-0.822754,0.537598
51392024682,0.220215,-0.819824,0.524414
51392047203,0.21582,-0.825195,0.532715
51392069752,0.219727,-0.824707,0.541504
51392084683,0.225098,-0.822754,0.534668
51392108159,0.215332,-0.820801,0.532715
51392128256,0.219727,-0.819336,0.532227
51392145162,0.221191,-0.82666,0.536133
51392167209,0.220703,-0.827148,0.539062
51392195774,0.225586,-0.820801,0.536621
51392204686,0.219727,-0.822754,0.536133
51392227146,0.217285,-0.822266,0.53418
51392249697,0.224609,-0.82373,0.535645
51392272161,0.217773,-0.82959,0.534668
51392294755,0.214844,-0.827148,0.538086
51392308259,0.217285,-0.82373,0.541992
51392324726,0.220703,-0.831543,0.540527
51392347186,0.220215,-0.825195,0.536621
51392369732,0.217285,-0.825195,0.540527
51392384757,0.219238,-0.82373,0.54248
51392407135,0.216797,-0.82373,0.533691
51392429813,0.218262,-0.822754,0.53418
51392444752,0.21582,-0.825684,0.535645
51392474668,0.222656,-0.819336,0.533691
51392497307,0.225098,-0.820801,0.530273
51392504019,0.21875,-0.827148,0.532715
51392534755,0.22168,-0.82373,0.536133
51392549776,0.220215,-0.828613,0.536133
51392572264,0.21875,-0.826172,0.535156
51392587340,0.227051,-0.82666,0.538086
51392609675,0.217773,-0.824707,0.539551
51392624195,0.218262,-0.833496,0.534668
51392647208,0.219238,-0.827148,0.543457
51392677257,0.220215,-0.833496,0.535645
51392699730,0.226074,-0.828125,0.536621
51392707250,0.221191,-0.829102,0.532715
51392729730,0.223633,-0.825684,0.529297
51392750819,0.216797,-0.827637,0.536621
51392774837,0.220215,-0.827148,0.535156
51392789785,0.222656,-0.826172,0.535156
51392810758,0.219727,-0.830078,0.539062
51392827236,0.224121,-0.827148,0.538086
51392849790,0.227051,-0.826172,0.532227
51392878325,0.219238,-0.825684,0.538574
51392887643,0.224121,-0.826172,0.536621
51392909740,0.224121,-0.824707,0.532715
51392930789,0.227539,-0.82959,0.531738
51392954767,0.219727,-0.823242,0.538086
51392977225,0.22168,-0.819824,0.52832
51392990966,0.217773,-0.826172,0.541504
51393013251,0.223633,-0.828613,0.538574
51393029731,0.21875,-0.827148,0.538086
51393052255,0.222168,-0.83252,0.532227
51393067238,0.224609,-0.825195,0.528809
51393095833,0.216797,-0.82666,0.532715
51393110774,0.220215,-0.825195,0.533203
51393127213,0.223633,-0.828613,0.53125
51393157241,0.22168,-0.825684,0.530273
51393170826,0.228027,-0.823242,0.532227
51393187256,0.220703,-0.830566,0.535645
51393209694,0.219238,-0.821777,0.532227
51393232240,0.224121,-0.824219,0.53418
51393247235,0.228027,-0.82959,0.53418
51393269737,0.224609,-0.825195,0.535156
51393292289,0.220703,-0.821777,0.536133
51393307712,0.217285,-0.827637,0.539551
51393329933,0.224121,-0.831543,0.530762
51393352256,0.224609,-0.831055,0.535156
51393366532,0.224121,-0.825195,0.529297
51393389762,0.22168,-0.830078,0.537109
51393412241,0.226074,-0.826172,0.536621
51393434723,0.225098,-0.824219,0.533691
51393457260,0.222168,-0.832031,0.538086
51393472225,0.224609,-0.830078,0.540527
51393486625,0.221191,-0.831055,0.535645
51393509726,0.218262,-0.832031,0.539551
51393532241,0.21875,-0.827148,0.535156
51393546639,0.223633,-0.824707,0.534668
51393569642,0.220703,-0.827148,0.536621
51393592458,0.225586,-0.827637,0.533203
51393606600,0.220215,-0.82959,0.532715
51393629753,0.223633,-0.827637,0.529785
51393659784,0.220703,-0.825195,0.524902
51393666583,0.222168,-0.818848,0.53125
51393689792,0.221191,-0.825195,0.532715
51393712251,0.222168,-0.828613,0.529785
51393734837,0.225586,-0.821777,0.529297
51393749867,0.226074,-0.825195,0.531738
51393772262,0.225586,-0.822754,0.531738
51393793378,0.221191,-0.828613,0.53418
51393809789,0.22168,-0.831543,0.533691
51393832252,0.221191,-0.828125,0.539551
51393860909,0.217773,-0.824707,0.533691
51393869753,0.223145,-0.821289,0.541992
51393892295,0.220215,-0.831055,0.53418
51393913308,0.221191,-0.828613,0.536133
51393937913,0.21875,-0.824707,0.53418
51393959932,0.223145,-0.823242,0.533691
51393973297,0.21875,-0.822754,0.534668
51393989766,0.215332,-0.829102,0.532715
51394012325,0.222168,-0.822266,0.537109
51394034045,0.223633,-0.820801,0.533691
51394049824,0.22168,-0.827148,0.539062
51394079519,0.225586,-0.827148,0.535156
51394093521,0.223145,-0.829102,0.539551
51394109882,0.225098,-0.828125,0.536133
51394139819,0.219727,-0.826172,0.534668
51394161031,0.223633,-0.825195,0.536133
51394169755,0.225586,-0.818848,0.535156
51394192286,0.222168,-0.821777,0.540527
51394214800,0.225098,-0.825684,0.532227
51394235741,0.222656,-0.825195,0.526855
51394252322,0.224121,-0.82959,0.534668
51394274783,0.220703,-0.830078,0.527832
51394289753,0.223145,-0.827148,0.527344
51394312295,0.221191,-0.82666,0.525879
51394342352,0.217773,-0.825195,0.53125
51394349104,0.223145,-0.830566,0.533691
51394372245,0.221191,-0.82666,0.538574
51394394751,0.224121,-0.826172,0.530273
51394409311,0.21875,-0.82373,0.535156
51394432240,0.220215,-0.828613,0.530762
51394454860,0.222656,-0.82373,0.529297
51394477285,0.22168,-0.825195,0.533203
51394492280,0.224121,-0.826172,0.529297
51394514818,0.223145,-0.828125,0.534668
51394529147,0.222656,-0.827148,0.527832
51394552327,0.215332,-0.829102,0.536621
51394574770,0.223145,-0.828125,0.538086
51394589152,0.213867,-0.826172,0.528809
51394618405,0.218262,-0.827148,0.535645
51394642322,0.218262,-0.833496,0.533691
51394649179,0.220215,-0.831055,0.533203
51394679796,0.219727,-0.828613,0.525391
51394694801,0.224609,-0.828125,0.532715
51394715957,0.216797,-0.82373,0.539062
51394732268,0.22168,-0.82959,0.533691
51394754811,0.214844,-0.824219,0.52832
51394775896,0.220215,-0.82373,0.527344
51394792259,0.219238,-0.825195,0.53125
51394820904,0.221191,-0.825684,0.535645
51394839333,0.221191,-0.825684,0.538086
51394852408,0.220703,-0.829102,0.53125
51394874858,0.222168,-0.825195,0.534668
51394895884,0.227051,-0.825195,0.533203
51394912336,0.222656,-0.833008,0.535645
51394934760,0.226074,-0.83252,0.538086
51394955948,0.226074,-0.832031,0.532715
51394972380,0.222656,-0.83252,0.530273
51394994772,0.22168,-0.829102,0.536621
51395023683,0.22168,-0.828613,0.533203
51395032261,0.225098,-0.830078,0.533691
51395054787,0.221191,-0.823242,0.526367
51395075862,0.224121,-0.830078,0.529297
51395100003,0.222656,-0.82959,0.530273
51395120895,0.226562,-0.827637,0.534668
51395135853,0.21875,-0.831543,0.535156
51395152315,0.225098,-0.830078,0.532715
51395174835,0.221191,-0.825684,0.529297
51395197328,0.223633,-0.82959,0.534668
51395212380,0.223633,-0.829102,0.52832
51395234775,0.226074,-0.828613,0.533203
51395257352,0.222656,-0.821777,0.537598
51395272370,0.220215,-0.830566,0.529785
51395294756,0.224609,-0.830566,0.534668
51395324845,0.224609,-0.827637,0.530762
51395331699,0.222656,-0.82959,0.538086
51395354993,0.225098,-0.826172,0.533203
51395377343,0.225098,-0.82373,0.535156
51395399788,0.220703,-0.822266,0.533691
51395414838,0.218262,-0.825684,0.537109
51395437339,0.224121,-0.824219,0.524414
51395451694,0.220703,-0.824219,0.537109
51395476468,0.222656,-0.82666,0.537598
51395497298,0.21875,-0.827637,0.538574
51395511695,0.219238,-0.822266,0.53125
51395534794,0.219727,-0.828613,0.533691
51395557420,0.226074,-0.822754,0.535645
51395571754,0.219727,-0.827637,0.538086
51395602290,0.223145,-0.826172,0.532227
51395624898,0.222656,-0.833984,0.536621
51395638396,0.22168,-0.828125,0.540039
51395654794,0.226562,-0.825684,0.533203
51395677312,0.220215,-0.819336,0.539062
51395698343,0.222168,-0.832031,0.541016
51395714804,0.221191,-0.826172,0.526855
51395737315,0.222168,-0.826172,0.535645
51395758542,0.228027,-0.830078,0.527832
51395774834,0.222168,-0.828613,0.534668
51395804808,0.230469,-0.825684,0.533691
51395818153,0.224609,-0.823242,0.53125
51395834816,0.223145,-0.828613,0.53418
51395857313,0.226074,-0.821777,0.538574
51395879902,0.223145,-0.825684,0.527832
51395900874,0.217285,-0.825195,0.531738
51395917393,0.224609,-0.822754,0.529297
51395938381,0.217773,-0.826172,0.532715
51395955764,0.227539,-0.824707,0.534668
51395977411,0.224121,-0.826172,0.53125
51396005846,0.224609,-0.82666,0.536133
51396014867,0.223633,-0.822266,0.539551
51396037279,0.223145,-0.822754,0.53125
51396058399,0.223145,-0.829102,0.538086
51396082350,0.226562,-0.827148,0.535156
51396104842,0.227051,-0.826172,0.539551
51396119860,0.223145,-0.82959,0.534668
51396134889,0.228027,-0.825195,0.541016
51396158434,0.21875,-0.822754,0.535645
51396180319,0.22168,-0.823242,0.537109
51396194165,0.227539,-0.82959,0.533691
51396217130,0.226562,-0.82373,0.528809
51396239810,0.222656,-0.820801,0.535156
51396254174,0.217773,-0.824219,0.532227
51396284918,0.219238,-0.824219,0.53418
51396307386,0.223633,-0.822266,0.532227
51396314392,0.227051,-0.824219,0.529297
51396344863,0.223145,-0.827148,0.532715
51396360560,0.219727,-0.820312,0.535156
51396380867,0.222656,-0.825684,0.536621
51396397332,0.224609,-0.833496,0.533691
51396419848,0.223145,-0.820312,0.537109
51396434201,0.222656,-0.824707,0.53418
51396457315,0.222168,-0.828613,0.544922
51396479687,0.223633,-0.827148,0.533691
51396494183,0.223633,-0.82959,0.540039
51396517383,0.223633,-0.828125,0.538086
51396539893,0.22168,-0.828613,0.540527
51396562534,0.222656,-0.832031,0.533691
51396584877,0.22168,-0.826172,0.535645
51396599870,0.22168,-0.825684,0.532227
51396621033,0.222656,-0.828125,0.539551
51396637388,0.220215,-0.828613,0.536133
51396660796,0.213867,-0.823242,0.532715
51396680688,0.222168,-0.83252,0.530762
51396697390,0.221191,-0.824219,0.532715
51396720056,0.225098,-0.828613,0.527344
51396741080,0.224609,-0.831055,0.529297
51396764826,0.227539,-0.82373,0.52832
51396785962,0.223633,-0.825195,0.538086
51396800977,0.223633,-0.827637,0.538086
51396817321,0.223145,-0.826172,0.526855
51396839856,0.222656,-0.829102,0.533203
51396862409,0.220215,-0.824707,0.527832
51396877344,0.219238,-0.824707,0.530762
51396899942,0.220703,-0.822754,0.529785
51396920951,0.224121,-0.82373,0.535156
51396937359,0.225586,-0.829102,0.526367
51396966484,0.21875,-0.822266,0.524414
51396989920,0.219727,-0.821777,0.534668
51397004084,0.219238,-0.82959,0.532227
51397019882,0.227051,-0.82666,0.535645
51397042394,0.227051,-0.830566,0.535645
51397064845,0.225098,-0.829102,0.539062
51397079869,0.228516,-0.83252,0.534668
51397102366,0.226562,-0.822266,0.534668
51397117391,0.22168,-0.82959,0.54248
51397139910,0.225098,-0.828613,0.534668
51397162359,0.225586,-0.828125,0.528809
51397176910,0.222656,-0.822266,0.530273
51397199938,0.227051,-0.827148,0.53125
51397222332,0.223145,-0.822754,0.533691
51397244898,0.224121,-0.830078,0.53125
51397269210,0.224121,-0.82666,0.526367
51397289913,0.225098,-0.822754,0.530762
51397304956,0.217285,-0.827148,0.530762
51397320302,0.223633,-0.82373,0.529785
51397342398,0.217773,-0.82666,0.530273
51397356747,0.224121,-0.827637,0.530762
51397379942,0.21875,-0.824219,0.530762
51397418681,0.219238,-0.825195,0.526855
51397423437,0.224121,-0.826172,0.533203
51397439893,0.227539,-0.826172,0.528809
51397469858,0.228027,-0.825195,0.533203
51397476721,0.225098,-0.822266,0.526855
51397499937,0.227539,-0.821289,0.527832
51397522326,0.224121,-0.822266,0.533691
51397544886,0.22998,-0.825684,0.530273
51397567322,0.228027,-0.830078,0.525879
51397582519,0.224609,-0.830566,0.527344
51397605402,0.226074,-0.828125,0.527344
51397619850,0.223633,-0.827148,0.529785
51397642485,0.224121,-0.822266,0.530762
51397663205,0.227539,-0.827148,0.519043
51397679966,0.230957,-0.829102,0.51709
51397710369,0.233887,-0.833984,0.518066
51397723389,0.224609,-0.825195,0.533203
51397747441,0.223633,-0.834961,0.533203
51397769862,0.225098,-0.835938,0.534668
51397783428,0.225098,-0.833496,0.533203
51397799936,0.224121,-0.821777,0.529785
51397822385,0.223633,-0.827637,0.521484
51397844928,0.225098,-0.827637,0.521973
51397859897,0.22168,-0.835449,0.528809
51397882396,0.217773,-0.830566,0.53418
51397903268,0.225098,-0.833496,0.534668
51397919964,0.220215,-0.836914,0.535156
51397950031,0.219238,-0.834961,0.53125
51397970984,0.220703,-0.834961,0.532227
51397981066,0.225098,-0.836914,0.522949
51398002473,0.221191,-0.832031,0.530273
51398024938,0.222656,-0.837402,0.533203
51398047457,0.22168,-0.84082,0.538086
51398062380,0.225586,-0.847168,0.536133
51398084937,0.225586,-0.82959,0.530762
51398100024,0.216309,-0.821777,0.53125
51398122348,0.218262,-0.827148,0.526855
51398145007,0.217773,-0.831543,0.528809
51398159895,0.222656,-0.831543,0.525879
51398183327,0.223145,-0.821777,0.52002
51398205033,0.229492,-0.822754,0.516113
51398227371,0.229004,-0.828613,0.525879
51398250037,0.229492,-0.833008,0.515625
51398265059,0.232422,-0.82666,0.518066
51398285947,0.240723,-0.827148,0.51709
51398302432,0.24707,-0.826172,0.516113
51398324886,0.23877,-0.829102,0.527832
51398339234,0.240723,-0.820801,0.541504
51398362479,0.233887,-0.818359,0.54248
51398385850,0.241211,-0.819336,0.52002
51398399293,0.223145,-0.823242,0.527832
51398422213,0.209961,-0.828125,0.540527
51398451023,0.210449,-0.825684,0.546875
51398459250,0.216797,-0.825195,0.54248
51398482474,0.220703,-0.821777,0.539551
51398512406,0.22168,-0.82373,0.543945
51398527510,0.227539,-0.82373,0.537109
51398542392,0.230957,-0.827148,0.535645
51398565631,0.234375,-0.816406,0.535645
51398586008,0.227539,-0.826172,0.527344
51398602398,0.220703,-0.830078,0.536621
51398624983,0.214355,-0.833984,0.53418
51398653663,0.20752,-0.837891,0.541504
51398662421,0.207031,-0.832031,0.539551
51398691944,0.21582,-0.835449,0.541504
51398708083,0.20752,-0.836426,0.553223
51398729974,0.217285,-0.825195,0.540039
51398744980,0.225586,-0.820801,0.529785
51398766217,0.234375,-0.826172,0.535156
51398782409,0.236816,-0.826172,0.541016
51398804988,0.236816,-0.817871,0.540527
51398826023,0.228516,-0.812012,0.537598
51398842437,0.226074,-0.806152,0.529297
51398864994,0.206543,-0.797852,0.527344
51398886012,0.215332,-0.811035,0.53125
51398910042,0.225098,-0.828613,0.54541
51398932432,0.23291,-0.82666,0.555176
51398954988,0.240723,-0.816406,0.540039
51398962463,0.247559,-0.815918,0.530762
51398984966,0.245605,-0.829102,0.519531
51399007567,0.243652,-0.827148,0.53125
51399028571,0.25,-0.824707,0.533691
51399044977,0.24707,-0.815918,0.542969
51399067448,0.23584,-0.812012,0.530762
51399081805,0.23584,-0.814453,0.550781
51399105033,0.234375,-0.822266,0.541504
51399134987,0.237793,-0.81543,0.554199
51399141722,0.239746,-0.819336,0.545898
51399164997,0.230469,-0.816406,0.543457
51399187436,0.247559,-0.812988,0.531738
51399201742,0.244141,-0.821777,0.540039
51399232426,0.230469,-0.813965,0.530273
51399247438,0.223145,-0.80957,0.560547
51399261786,0.23877,-0.804199,0.553711
51399284976,0.230469,-0.800293,0.544434
51399307414,0.230469,-0.819824,0.544922
51399321869,0.239258,-0.812988,0.551758
51399344945,0.230469,-0.789551,0.548828
51399367419,0.25293,-0.8125,0.531738
51399381856,0.255371,-0.824219,0.538574
51399412500,0.25,-0.812012,0.541504
51399435028,0.260254,-0.788574,0.544922
51399448469,0.24707,-0.799805,0.541016
51399464947,0.231934,-0.80127,0.546875
51399487550,0.255859,-0.820801,0.52832
51399509980,0.254883,-0.809082,0.536621
51399524980,0.244141,-0.786133,0.543457
51399547442,0.248047,-0.820312,0.553711
51399568507,0.253906,-0.828125,0.547852
51399585011,0.244141,-0.799805,0.567383
51399615038,0.25293,-0.808594,0.558594
51399628653,0.251953,-0.818359,0.581055
51399644988,0.258301,-0.816895,0.571289
51399667412,0.256348,-0.82959,0.543945
51399688585,0.232422,-0.680176,0.604492
51399712445,0.212402,-0.924316,0.502441
51399727539,0.26709,-0.863281,0.5
51399756511,0.262695,-0.800293,0.483887
51399766359,0.260254,-0.818848,0.512695
51399787560,0.273438,-0.790527,0.531738
51399816172,0.241211,-0.791016,0.549316
51399824982,0.241699,-0.817383,0.534668
51399847497,0.276367,-0.799805,0.535645
51399868527,0.268066,-0.790527,0.542969
51399892452,0.242188,-0.794922,0.54834
51399915054,0.231445,-0.811523,0.54248
51399930031,0.23877,-0.815918,0.560547
51399944968,0.270508,-0.804688,0.550781
51399967439,0.247559,-0.796387,0.538086
51399989982,0.260254,-0.783203,0.532227
51400004947,0.248535,-0.819824,0.536133
51400027595,0.269043,-0.842285,0.541504
51400049973,0.27832,-0.800293,0.561035
51400064264,0.245605,-0.772461,0.566406
51400087491,0.237793,-0.82373,0.564941
51400117483,0.250977,-0.838379,0.538086
51400124339,0.25293,-0.82373,0.533691
51400147479,0.257812,-0.810547,0.531738
51400169985,0.265625,-0.812012,0.54248
51400192462,0.26416,-0.806152,0.55127
51400207412,0.257324,-0.812012,0.541504
51400230529,0.239746,-0.813477,0.541504
51400244350,0.251953,-0.800781,0.546387
51400267447,0.237793,-0.800293,0.554199
51400297474,0.254395,-0.814453,0.560547
51400304322,0.251465,-0.792969,0.550293
51400327714,0.256836,-0.797363,0.54541
51400349756,0.253418,-0.8125,0.545898
51400371002,0.248047,-0.8125,0.541016
51400395128,0.246094,-0.811035,0.535156
51400409994,0.256348,-0.796387,0.540527
51400431218,0.265137,-0.807129,0.546387
51400447475,0.258301,-0.822266,0.543945
51400469991,0.274414,-0.796875,0.524902
51400491188,0.276855,-0.819824,0.543945
51400507519,0.258301,-0.827637,0.543945
51400530141,0.255859,-0.803223,0.540039
51400551085,0.272949,-0.796875,0.550293
51400567558,0.268066,-0.798828,0.546387
51400597530,0.26123,-0.81543,0.550293
51400619317,0.243164,-0.806152,0.545898
51400627654,0.246582,-0.787109,0.544434
51400650041,0.249023,-0.816406,0.551758
51400672450,0.244141,-0.8125,0.557617
51400693589,0.25293,-0.800781,0.550293
51400710005,0.259766,-0.793945,0.550293
51400731096,0.253418,-0.782227,0.553223
51400747542,0.277344,-0.861816,0.564941
51400769943,0.279297,-0.816406,0.552734
51400798743,0.26709,-0.787598,0.556641
51400807531,0.270508,-0.78125,0.536133
51400829974,0.243652,-0.795898,0.536133
51400852583,0.263672,-0.824707,0.547363
51400875041,0.265137,-0.803223,0.546875
51400897579,0.263672,-0.786133,0.536621
51400912460,0.262207,-0.797852,0.538574
51400927569,0.251953,-0.804199,0.540527
51400949982,0.240234,-0.757812,0.525879
51400972509,0.229004,-0.838379,0.54834
51400986877,0.257324,-0.775391,0.530762
51401010002,0.222168,-0.794922,0.559082
51401032510,0.272949,-0.805664,0.538574
51401046855,0.241211,-0.810059,0.546387
51401077525,0.259277,-0.810059,0.548828
51401100057,0.264648,-0.817383,0.546875
51401106848,0.262695,-0.810547,0.554199
51401130035,0.276367,-0.813965,0.548828
51401152498,0.26709,-0.826172,0.567383
51401175008,0.261719,-0.802734,0.566895
51401190121,0.264648,-0.814453,0.564453
51401212533,0.263672,-0.822754,0.555176
51401226841,0.261719,-0.819824,0.555176
51401250075,0.258301,-0.807129,0.5625
51401280019,0.269043,-0.805176,0.551758
51401302487,0.260254,-0.8125,0.557617
51401310041,0.26416,-0.802246,0.537109
51401332260,0.274414,-0.802734,0.524414
51401355041,0.271484,-0.809082,0.522949
51401377965,0.269531,-0.805664,0.518066
51401400083,0.266113,-0.810059,0.526367
51401413551,0.262695,-0.796387,0.514648
51401430010,0.268066,-0.800781,0.51709
51401452629,0.256836,-0.802734,0.519531
51401481080,0.256348,-0.813965,0.51416
51401505079,0.271484,-0.812012,0.512695
51401512541,0.27002,-0.798828,0.527832
51401533613,0.277832,-0.79541,0.526367
51401557484,0.275879,-0.800293,0.541016
51401580000,0.274414,-0.809082,0.549805
51401593576,0.277344,-0.807129,0.54541
51401609804,0.276855,-0.802246,0.544922
51401632983,0.266602,-0.79834,0.556152
51401655061,0.257324,-0.808594,0.561035
51401670138,0.257812,-0.807129,0.567871
51401706808,0.262695,-0.813477,0.565918
51401713546,0.262207,-0.802246,0.568848
51401729963,0.271484,-0.788086,0.561523
51401760026,0.268066,-0.786621,0.555664
51401781144,0.270996,-0.814941,0.556152
51401789981,0.269043,-0.826172,0.543945
51401812561,0.274414,-0.80957,0.540039
51401834993,0.271973,-0.791992,0.535156
51401857596,0.26416,-0.807129,0.538086
51401872546,0.269043,-0.80957,0.529785
51401895567,0.257324,-0.811523,0.536621
51401909408,0.266113,-0.804199,0.535156
51401933126,0.258789,-0.802246,0.535645
51401961031,0.258301,-0.807617,0.546875
51401970857,0.266113,-0.817383,0.538574
51401992527,0.262695,-0.817383,0.542969
51402015052,0.26709,-0.811035,0.541504
51402030349,0.265625,-0.810547,0.537598
51402060061,0.26416,-0.822754,0.537598
51402075022,0.265625,-0.82373,0.533691
51402089358,0.270508,-0.820801,0.539062
51402112633,0.264648,-0.816895,0.543457
51402135021,0.272949,-0.80957,0.535156
51402149429,0.266113,-0.803711,0.550781
51402172487,0.266602,-0.821777,0.541992
51402195100,0.271484,-0.812988,0.54834
51402209373,0.264648,-0.812988,0.548828
51402240068,0.273438,-0.808105,0.540039
51402262673,0.266602,-0.809082,0.541504
51402276595,0.256836,-0.806641,0.551758
51402292752,0.274902,-0.809082,0.547852
51402315095,0.259766,-0.814453,0.541992
51402337540,0.271484,-0.817871,0.533203
51402352615,0.268555,-0.795898,0.547852
51402375060,0.270508,-0.785645,0.553711
51402396120,0.281738,-0.799316,0.544434
51402412644,0.279785,-0.8125,0.541016
51402436025,0.28125,-0.802246,0.544922
51402456230,0.282227,-0.793945,0.552734
51402472541,0.282715,-0.789062,0.54541
51402495091,0.283691,-0.799805,0.541992
51402525720,0.285156,-0.802246,0.547363
51402539985,0.29541,-0.792969,0.550293
51402562600,0.287109,-0.79834,0.547363
51402576128,0.286133,-0.791992,0.541504
51402592565,0.294434,-0.787109,0.540527
51402615159,0.286621,-0.786621,0.558594
51402636184,0.312012,-0.790527,0.543457
51402652561,0.304688,-0.787109,0.541016
51402675043,0.313965,-0.787109,0.525879
51402696141,0.313965,-0.789551,0.553223
51402712600,0.310059,-0.789062,0.545898
51402743216,0.30957,-0.807129,0.561035
51402744885,0.308594,-0.796875,0.56543
51402766011,0.304199,-0.791992,0.554688
51402777998,0.300781,-0.793457,0.559082
51402800473,0.30127,-0.795898,0.55957
51402823066,0.303711,-0.788574,0.561035
51402841853,0.312012,-0.785645,0.556641
51402868034,0.307129,-0.780762,0.563477
51402891147,0.307617,-0.777832,0.558105
51402899366,0.300781,-0.775879,0.547363
51402920546,0.29834,-0.780762,0.556152
51402946521,0.307617,-0.764648,0.55957
51402966971,0.300293,-0.765137,0.564941
51402980500,0.304199,-0.768066,0.557129
51403002976,0.299316,-0.789062,0.557617
51403021007,0.313477,-0.773438,0.548828
51403040484,0.317383,-0.769531,0.564453
51403063062,0.312012,-0.754883,0.559082
51403079405,0.314941,-0.763184,0.563477
51403100482,0.312988,-0.77832,0.574219
51403123013,0.325684,-0.775879,0.570801
51403148353,0.331543,-0.76709,0.553223
51403168020,0.329102,-0.75293,0.570312
51403183005,0.325684,-0.757812,0.575195
51403199404,0.331543,-0.76709,0.578613
51403223522,0.335449,-0.773438,0.577637
51403242970,0.334473,-0.771484,0.57959
51403260998,0.345215,-0.758301,0.566406
51403280490,0.34375,-0.753906,0.575195
51403302965,0.340332,-0.756348,0.578613
51403320903,0.355957,-0.765137,0.571289
51403340438,0.350586,-0.755371,0.58252
51403370632,0.360352,-0.745605,0.568848
51403394290,0.356445,-0.746094,0.577148
51403400456,0.369629,-0.739746,0.575684
51403424453,0.357422,-0.736328,0.581055
51403448345,0.368164,-0.738281,0.583984
51403460613,0.365234,-0.731934,0.583008
51403483052,0.376465,-0.740234,0.575195
51403505475,0.385742,-0.722168,0.575684
51403523482,0.388672,-0.714355,0.574219
51403542979,0.387207,-0.713867,0.592285
51403574310,0.398926,-0.715332,0.594238
51403580603,0.398438,-0.710938,0.586426
51403602980,0.401855,-0.703613,0.580078
51403625543,0.40625,-0.708008,0.583496
51403649423,0.415039,-0.712891,0.584473
51403670543,0.416016,-0.702148,0.57666
51403685561,0.408203,-0.689453,0.580078
51403700452,0.429199,-0.692383,0.592773
51403725964,0.424316,-0.699707,0.584961
51403745482,0.427246,-0.696777,0.575195
51403760573,0.423828,-0.703125,0.573242
51403783150,0.42334,-0.689941,0.582031
51403805470,0.415527,-0.683594,0.595215
51403828029,0.432129,-0.686523,0.584961
51403850482,0.447754,-0.687988,0.589844
51403874361,0.431641,-0.689453,0.590332
51403880544,0.440918,-0.683105,0.582031
51403905960,0.429688,-0.677734,0.593262
51403928530,0.43457,-0.682129,0.57959
51403940602,0.432617,-0.679688,0.592773
51403962987,0.43457,-0.679199,0.587891
51403985549,0.446777,-0.682129,0.589355
51404003388,0.45752,-0.673828,0.578125
51404023105,0.443848,-0.660645,0.575195
51404045522,0.441406,-0.666016,0.581543
51404078292,0.456055,-0.672852,0.594727
51404083051,0.45166,-0.668457,0.586914
51404105459,0.467773,-0.66748,0.594727
51404128016,0.458496,-0.659668,0.588379
51404150541,0.460938,-0.645996,0.599609
51404165469,0.459961,-0.661133,0.589844
51404183453,0.458496,-0.669434,0.588867
51404205937,0.469238,-0.672852,0.587402
51404228448,0.456543,-0.668457,0.586914
51404241968,0.455078,-0.654785,0.577637
51404264109,0.453613,-0.658691,0.587402
51404285531,0.451172,-0.669434,0.591797
51404302041,0.45752,-0.672852,0.599121
51404330687,0.458008,-0.67334,0.588867
51404355087,0.532227,-0.694336,0.574219
51404361949,0.452148,-0.678711,0.589844
51404383118,0.452637,-0.682129,0.600586
51404408359,0.461914,-0.677246,0.589844
51404431060,0.460449,-0.663086,0.601074
51404443094,0.457031,-0.667969,0.598145
51404466806,0.464844,-0.66748,0.595215
51404483525,0.469238,-0.657715,0.594238
51404504422,0.470215,-0.669434,0.602051
51404533131,0.475586,-0.671875,0.595703
51404543432,0.469238,-0.654297,0.595215
51404570496,0.475098,-0.663574,0.592285
51404585595,0.475098,-0.658203,0.588867
51404603415,0.479492,-0.652832,0.595703
51404630692,0.480957,-0.695312,0.597656
51404645659,0.476074,-0.648438,0.593262
51404663470,0.475586,-0.650879,0.598145
51404686015,0.476562,-0.649902,0.585449
51404708416,0.480957,-0.645996,0.587891
51404736841,0.47998,-0.648926,0.593262
51404743133,0.490234,-0.648438,0.591797
51404772958,0.484375,-0.645996,0.60498
51404788202,0.492676,-0.653809,0.602051
51404810529,0.493164,-0.645508,0.601562
51404825478,0.481934,-0.639648,0.600586
51404848081,0.478027,-0.645508,0.603027
51404863001,0.499512,-0.632324,0.600586
51404888542,0.503418,-0.631348,0.59082
51404910996,0.505371,-0.626953,0.594727
51404923025,0.501953,-0.621094,0.59375
51404948605,0.5,-0.628418,0.598633
51404985073,0.500488,-0.623047,0.593262
51404987531,0.499023,-0.617188,0.602539
51405013110,0.498535,-0.629883,0.602051
51405036872,0.493164,-0.622559,0.595215
51405043033,0.490234,-0.618164,0.606934
51405065540,0.493164,-0.623535,0.600098
51405090982,0.492676,-0.62207,0.603027
51405110600,0.498535,-0.616699,0.606934
51405125493,0.500488,-0.625488,0.609375
51405148086,0.501465,-0.621582,0.612793
51405165980,0.506348,-0.615723,0.619141
51405201828,0.51416,-0.616699,0.616699
51405216217,0.516113,-0.615723,0.616211
51405224488,0.515625,-0.615723,0.623047
51405245506,0.513184,-0.604004,0.617676
51405268023,0.519531,-0.607422,0.620605
51405284453,0.519531,-0.601562,0.618652
51405313105,0.516602,-0.594238,0.617188
51405328044,0.515137,-0.593262,0.612793
51405344462,0.505859,-0.588379,0.627441
51405366960,0.506348,-0.595703,0.62207
51405389473,0.500488,-0.584961,0.617676
51405404490,0.5,-0.59668,0.609863
51405425540,0.509277,-0.588867,0.621094
51405448059,0.505859,-0.589355,0.62207
51405466007,0.508789,-0.591797,0.609375
51405485537,0.518555,-0.590332,0.617188
51405515528,0.511719,-0.578613,0.623535
51405525983,0.512695,-0.580566,0.636719
51405545525,0.516113,-0.577148,0.628418
51405570960,0.515625,-0.578125,0.628906
51405592021,0.522949,-0.569336,0.616211
51405613092,0.522461,-0.570801,0.622559
51405628077,0.526367,-0.573242,0.628906
51405645989,0.526855,-0.567871,0.62207
51405668496,0.526367,-0.573242,0.625
51405687967,0.521973,-0.568848,0.630371
51405706013,0.523926,-0.563965,0.627441
51405725561,0.524902,-0.568359,0.62793
51405748079,0.524902,-0.570312,0.64209
51405773463,0.524902,-0.561523,0.627441
51405786513,0.522461,-0.557617,0.636719
51405815570,0.530273,-0.557617,0.631836
51405826010,0.526367,-0.559082,0.630859
51405848492,0.531738,-0.560547,0.643066
51405870975,0.545898,-0.556641,0.646973
51405893487,0.553711,-0.56543,0.651855
51405905557,0.554199,-0.546875,0.649902
51405928052,0.54541,-0.54248,0.649902
51405950569,0.547852,-0.541016,0.649414
51405965568,0.544922,-0.548828,0.64209
51405995518,0.541016,-0.544922,0.650879
51406019394,0.540039,-0.533203,0.653809
51406025581,0.538086,-0.530762,0.641602
51406050947,0.539062,-0.537598,0.640137
51406073498,0.538574,-0.526855,0.650391
51406093014,0.53418,-0.527344,0.655273
51406108116,0.531738,-0.527344,0.650879
51406130536,0.52832,-0.529785,0.657227
51406148528,0.538574,-0.518066,0.654785
51406171001,0.54248,-0.517578,0.664062
51406198820,0.555176,-0.526367,0.655273
51406207091,0.552246,-0.52832,0.651367
51406228059,0.541992,-0.518066,0.675293
51406250667,0.556641,-0.513672,0.664551
51406274551,0.549805,-0.510742,0.665039
51406304395,0.554688,-0.503418,0.643555
51406310598,0.55127,-0.505859,0.651367
51406327027,0.549316,-0.506836,0.636719
51406351163,0.54541,-0.504395,0.65332
51406373525,0.544922,-0.510742,0.652344
51406386962,0.549316,-0.508789,0.651367
51406432581,0.561523,-0.492676,0.653809
51406435009,0.571289,-0.49707,0.658203
51406446986,0.563477,-0.487793,0.656738
51406475618,0.55957,-0.502441,0.652344
51406490631,0.573242,-0.507812,0.650391
51406509973,0.594238,-0.489258,0.647949
51406528102,0.601562,-0.482422,0.645996
51406552095,0.596191,-0.474609,0.654785
51406568529,0.585449,-0.47998,0.674316
51406588040,0.599609,-0.457031,0.668457
51406610736,0.607422,-0.464844,0.662109
51406628554,0.610352,-0.460938,0.649414
51406650984,0.606934,-0.45459,0.66748
51406678142,0.604004,-0.444824,0.671387
51406688510,0.615234,-0.45166,0.67334
51406718569,0.621094,-0.455078,0.668457
51406730630,0.628418,-0.452637,0.647949
51406763395,0.623535,-0.442871,0.642578
51406775799,0.625488,-0.432129,0.651855
51406790577,0.625,-0.427734,0.646973
51406808479,0.627441,-0.424805,0.643555
51406835634,0.632324,-0.429688,0.644531
51406850580,0.641602,-0.419434,0.655273
51406873073,0.641602,-0.40625,0.65625
51406888118,0.644531,-0.398438,0.656738
51406926994,0.646973,-0.388672,0.654785
51406933140,0.646973,-0.389648,0.654785
51406955590,0.643555,-0.376953,0.652344
51406978128,0.642578,-0.373535,0.650879
51406993089,0.648438,-0.361816,0.64502
51407008043,0.664551,-0.358398,0.649902
51407033498,0.664551,-0.353516,0.648926
51407056029,0.663574,-0.346191,0.65625
51407068224,0.664062,-0.336914,0.666504
51407090621,0.658691,-0.334961,0.656738
51407114664,0.682617,-0.32373,0.652832
51407131212,0.678711,-0.310059,0.653809
51407158122,0.681641,-0.310547,0.652832
51407173296,0.678711,-0.29834,0.646484
51407189530,0.676758,-0.287109,0.646973
51407210633,0.675781,-0.290527,0.646484
51407234594,0.686523,-0.277344,0.642578
51407258515,0.677246,-0.302734,0.637207
51407270791,0.690918,-0.28125,0.641602
51407293103,0.699219,-0.277344,0.638184
51407315765,0.680664,-0.285645,0.633301
51407333672,0.681152,-0.267578,0.637695
51407353125,0.699707,-0.261719,0.633789
51407369563,0.689941,-0.243164,0.62793
51407390647,0.679199,-0.23584,0.639648
51407413147,0.692871,-0.227051,0.640137
51407437102,0.695312,-0.236328,0.640137
51407458107,0.701172,-0.228516,0.640137
51407480793,0.717773,-0.216797,0.646484
51407491053,0.732422,-0.20752,0.658203
51407512119,0.731934,-0.210449,0.661133
51407536116,0.715332,-0.211914,0.667969
51407558532,0.709961,-0.206055,0.671387
51407570760,0.729492,-0.203125,0.665527
51407593143,0.733398,-0.204102,0.657715
51407613443,0.732422,-0.192871,0.658691
51407630872,0.726074,-0.193359,0.660156
51407660604,0.729492,-0.188965,0.657227
51407687418,0.711426,-0.168457,0.654785
51407692081,0.699707,-0.172852,0.645996
51407713647,0.707031,-0.17627,0.647461
51407738620,0.712891,-0.157227,0.64502
51407758114,0.712891,-0.137695,0.650391
51407773179,0.719727,-0.149414,0.65332
51407791243,0.70752,-0.139648,0.652832
51407815484,0.720215,-0.131836,0.631348
51407836231,0.739258,-0.132324,0.630859
51407851045,0.728027,-0.14502,0.626953
51407870621,0.71875,-0.119629,0.636719
51407893109,0.723633,-0.0957031,0.622559
51407911085,0.717285,-0.103516,0.632324
51407938222,0.719727,-0.09375,0.624023
51407963589,0.719727,-0.101562,0.629883
51407970981,0.714844,-0.102539,0.620605
51407990815,0.718262,-0.090332,0.634277
51408020614,0.726562,-0.104004,0.637207
51408038628,0.751953,-0.0810547,0.647461
51408050624,0.742676,-0.0927734,0.631836
51408073132,0.741211,-0.0908203,0.634766
51408091239,0.737305,-0.0825195,0.641602
51408113554,0.738281,-0.0732422,0.653809
51408133310,0.728027,-0.0786133,0.653809
51408151055,0.738281,-0.0712891,0.639648
51408172076,0.729492,-0.0776367,0.628906
51408193415,0.721191,-0.0634766,0.620605
51408219535,0.719238,-0.059082,0.632324
51408239606,0.730469,-0.0639648,0.626465
51408253178,0.736328,-0.0703125,0.621582
51408271088,0.739258,-0.0571289,0.630371
51408293648,0.745117,-0.0512695,0.630859
51408316047,0.742676,-0.0532227,0.616699
51408343860,0.748047,-0.0532227,0.633789
51408376560,0.746582,-0.0405273,0.637695
51408380619,0.754395,-0.0527344,0.63916
51408395754,0.76416,-0.0566406,0.64502
51408419585,0.755371,-0.0571289,0.647461
51408442133,0.76709,-0.0351562,0.638184
51408455666,0.761719,-0.0380859,0.630859
51408473522,0.75,-0.0444336,0.634766
51408493303,0.753418,-0.0361328,0.635254
51408518545,0.755859,-0.034668,0.641602
51408533766,0.760742,-0.0263672,0.628418
51408553149,0.758789,-0.0234375,0.632812
51408575613,0.754883,-0.0327148,0.625488
51408593590,0.752441,-0.0478516,0.61377
51408613185,0.743652,-0.03125,0.608398
51408643230,0.734863,-0.0273438,0.603027
51408667008,0.723633,-0.0336914,0.59375
51408673126,0.71875,-0.0361328,0.589844
51408698687,0.702637,-0.043457,0.598145
51408721045,0.700195,-0.0336914,0.585938
51408733165,0.686035,-0.0395508,0.581055
51408755826,0.695801,-0.0317383,0.587891
51408781056,0.703613,-0.0322266,0.584473
51408796288,0.711914,-0.034668,0.591797
51408815685,0.709473,-0.0498047,0.58252
51408833639,0.705566,-0.0493164,0.587402
51408853171,0.723145,-0.0488281,0.59375
51408875619,0.70459,-0.0253906,0.611816
51408901097,0.724609,-0.0322266,0.640625
51408920645,0.744629,-0.050293,0.641602
51408943240,0.73877,-0.0756836,0.620605
51408953638,0.71582,-0.0820312,0.634766
51408976078,0.733398,-0.0991211,0.657715
51408998597,0.700195,-0.111328,0.671387
51409013603,0.715332,-0.0942383,0.683594
51409034589,0.714844,-0.106445,0.65332
51409055802,0.714355,-0.125977,0.633789
51409073603,0.719727,-0.134277,0.662598
51409094683,0.702148,-0.157227,0.682129
51409123164,0.697266,-0.147949,0.666504
51409134333,0.67334,-0.171387,0.663574
51409154661,0.681152,-0.178711,0.683594
51409175654,0.688477,-0.178711,0.696289
51409201125,0.68457,-0.204102,0.676758
51409222095,0.687988,-0.202637,0.677734
51409235670,0.68457,-0.221191,0.690918
51409258375,0.683105,-0.209961,0.674316
51409276133,0.68457,-0.226074,0.675293
51409295670,0.681152,-0.236328,0.676758
51409326374,0.669922,-0.270508,0.684082
51409334937,0.666016,-0.254395,0.683105
51409355918,0.668945,-0.265625,0.680664
51409387137,0.654785,-0.286133,0.674316
51409403605,0.647461,-0.282227,0.67627
51409423180,0.666504,-0.303223,0.687012
51409438145,0.661621,-0.314453,0.681152
51409456184,0.635254,-0.32959,0.667969
51409478665,0.633789,-0.329102,0.675781
51409501076,0.657715,-0.336426,0.694824
51409516264,0.644043,-0.367188,0.689453
51409536289,0.634277,-0.387207,0.668457
51409561083,0.622559,-0.386719,0.645996
51409576104,0.634277,-0.381836,0.648438
51409595665,0.640625,-0.389648,0.638184
51409625725,0.604492,-0.383789,0.646484
51409638047,0.574219,-0.416504,0.648438
51409658641,0.583496,-0.429199,0.626953
51409681094,0.61084,-0.403809,0.635742
51409711017,0.611328,-0.428711,0.67334
51409715904,0.603516,-0.428711,0.671875
51409745890,0.597656,-0.47168,0.633301
51409756118,0.602539,-0.475586,0.62207
51409778675,0.619629,-0.45166,0.662598
51409805773,0.635742,-0.471191,0.672363
51409816248,0.626953,-0.505859,0.663574
51409835654,0.621582,-0.533203,0.640625
51409858344,0.632324,-0.530762,0.60498
51409883612,0.618652,-0.537109,0.622559
51409903231,0.603516,-0.558105,0.630859
51409918349,0.573242,-0.55127,0.612793
51409936084,0.568848,-0.574707,0.59375
51409958783,0.580566,-0.595215,0.574219
51409981114,0.583496,-0.597656,0.596191
51409996086,0.58252,-0.588867,0.61084
51410017135,0.587891,-0.605957,0.587402
51410038260,0.604492,-0.605957,0.588867
51410056314,0.604492,-0.583984,0.57666
51410083202,0.619141,-0.604004,0.568359
51410108772,0.588867,-0.587891,0.60498
51410116217,0.57373,-0.621582,0.604492
51410137153,0.588379,-0.633301,0.591797
51410161110,0.568848,-0.628906,0.572754
51410183629,0.558594,-0.624512,0.562012
51410197196,0.559082,-0.617676,0.560547
51410218168,0.562012,-0.618164,0.552246
51410236107,0.555176,-0.637207,0.541504
51410259242,0.540039,-0.628418,0.533203
51410285707,0.528809,-0.632812,0.527344
51410317755,0.515137,-0.638184,0.513184
51410320136,0.508789,-0.646973,0.516602
51410338185,0.489258,-0.657715,0.51123
51410362227,0.512695,-0.672363,0.518066
51410386108,0.516113,-0.662109,0.516602
51410398229,0.52002,-0.660156,0.529297
51410416251,0.525879,-0.663086,0.532715
51410438610,0.514648,-0.682129,0.51709
51410461195,0.500977,-0.700195,0.513184
51410476316,0.474609,-0.705078,0.510742
51410498661,0.458984,-0.707031,0.520996
51410521656,0.478027,-0.714355,0.49707
51410540745,0.475586,-0.733887,0.503418
51410572215,0.478027,-0.726074,0.500488
51410585748,0.473633,-0.73584,0.516602
51410600713,0.477051,-0.759766,0.515137
51410618660,0.488281,-0.747559,0.51123
51410641171,0.483887,-0.741211,0.53125
51410671160,0.47168,-0.755371,0.524414
51410678663,0.458984,-0.762695,0.523926
51410698143,0.450195,-0.774414,0.530762
51410720752,0.448242,-0.776367,0.527832
51410744658,0.441406,-0.772461,0.523438
51410765930,0.438477,-0.780762,0.517578
51410776191,0.44043,-0.779297,0.508789
51410798622,0.435547,-0.774414,0.504395
51410829148,0.421387,-0.777344,0.500488
51410851158,0.416992,-0.777832,0.494141
51410873544,0.416016,-0.790527,0.505371
51410885837,0.427734,-0.781738,0.496582
51410900718,0.412598,-0.773926,0.486328
51410918720,0.404297,-0.780762,0.494629
51410947145,0.422852,-0.769531,0.491211
51410968387,0.389648,-0.779297,0.490234
51411017663,0.415527,-0.779785,0.493652
51411031082,0.429688,-0.769043,0.490234
51411032685,0.411621,-0.77832,0.486328
51411056213,0.407715,-0.774414,0.48877
51411065719,0.402832,-0.770996,0.487793
51411088270,0.398438,-0.776855,0.494629
51411098616,0.402832,-0.785645,0.487793
51411119680,0.411621,-0.771484,0.50293
51411140725,0.41748,-0.78418,0.495605
51411166297,0.410645,-0.78418,0.494141
51411179777,0.413574,-0.783203,0.491699
51411204090,0.408203,-0.791992,0.493652
51411218651,0.402832,-0.788086,0.485352
51411239718,0.399902,-0.785156,0.484863
51411268417,0.396484,-0.782715,0.48584
51411278741,0.397461,-0.78418,0.498047
51411301119,0.396973,-0.787109,0.487793
51411323701,0.393555,-0.789551,0.492188
51411346146,0.394043,-0.79248,0.492676
51411368696,0.391113,-0.787598,0.498535
51411380798,0.395996,-0.789062,0.481445
51411398682,0.392578,-0.779297,0.484863
51411421312,0.393555,-0.778809,0.489258
51411443707,0.400879,-0.786133,0.483887
51411459688,0.400391,-0.787109,0.481934
51411481337,0.406738,-0.779297,0.488281
51411500748,0.408203,-0.777832,0.497559
51411518686,0.411133,-0.778809,0.496582
51411548710,0.407227,-0.782715,0.495605
51411577889,0.40332,-0.787109,0.488281
51411580235,0.400391,-0.787598,0.495605
51411601174,0.400391,-0.779297,0.501953
51411646742,0.402344,-0.790527,0.502441
51411650745,0.401855,-0.789062,0.484863
51411661135,0.398438,-0.787109,0.483887
51411680914,0.395996,-0.77832,0.484863
51411698666,0.39209,-0.783691,0.491699
51411721197,0.394043,-0.786133,0.499023
51411748316,0.401855,-0.782715,0.492676
51411758635,0.407227,-0.780273,0.486816
51411781348,0.401367,-0.77832,0.482422
51411800794,0.40332,-0.776367,0.492676
51411826215,0.399414,-0.778809,0.502441
51411848702,0.402344,-0.777344,0.48877
51411863684,0.400391,-0.784668,0.48291
51411878736,0.400879,-0.780273,0.492676
51411901197,0.391602,-0.783691,0.494629
51411922929,0.395996,-0.790527,0.498535
51411938724,0.403809,-0.785645,0.487305
51411961135,0.398438,-0.781738,0.488281
51411982202,0.402832,-0.783691,0.48877
51411998730,0.403809,-0.785156,0.477539
51412028854,0.400879,-0.788086,0.496094
51412058518,0.402832,-0.782715,0.494141
51412063218,0.410156,-0.782227,0.490723
51412081199,0.40625,-0.788086,0.491699
51412102215,0.416992,-0.790527,0.487793
51412126258,0.431152,-0.794434,0.505371
51412141247,0.430176,-0.782227,0.510742
51412162215,0.437988,-0.774902,0.504883
51412183448,0.435547,-0.780762,0.511719
51412201198,0.4375,-0.784668,0.525879
51412255038,0.442871,-0.782715,0.529785
51412261696,0.44873,-0.774902,0.512695
51412273582,0.438477,-0.770996,0.512695
51412291292,0.433594,-0.76416,0.489258
51412303342,0.435547,-0.770996,0.499512
51412328767,0.429688,-0.749512,0.503906
51412343665,0.438477,-0.750977,0.492676
51412363287,0.428223,-0.74707,0.48584
51412381739,0.424805,-0.741699,0.490723
51412403728,0.430176,-0.743652,0.48877
51412423321,0.425781,-0.748047,0.502441
51412453369,0.436035,-0.739746,0.497559
51412463740,0.438477,-0.738281,0.508301
51412483475,0.450684,-0.73291,0.503418
51412505816,0.449707,-0.727051,0.520996
51412531177,0.447754,-0.727539,0.526855
51412551120,0.452637,-0.723145,0.518066
51412561222,0.46582,-0.723145,0.508301
51412583804,0.460938,-0.720215,0.506348
51412606205,0.451172,-0.714355,0.515137
51412621163,0.453125,-0.717773,0.516602
51412643727,0.460938,-0.717285,0.518066
51412663261,0.459961,-0.716309,0.518066
51412681174,0.458984,-0.708496,0.516602
51412711225,0.458008,-0.714844,0.515137
51412730753,0.450195,-0.71875,0.519531
51412741274,0.452637,-0.713379,0.523926
51412763753,0.45166,-0.720215,0.517578
51412784830,0.458008,-0.724609,0.520996
51412805975,0.460938,-0.72168,0.516113
51412831189,0.462891,-0.724609,0.525879
51412844765,0.466797,-0.717285,0.522461
51412861193,0.474121,-0.724609,0.523438
51412883765,0.463379,-0.724609,0.522461
51412904793,0.464355,-0.723633,0.518066
51412921198,0.465332,-0.720703,0.522461
51412943812,0.463379,-0.715332,0.527344
51412964787,0.464355,-0.715332,0.524902
51412985804,0.472168,-0.714844,0.52002
51413011264,0.473145,-0.716309,0.51709
51413030792,0.470703,-0.718262,0.522949
51413041400,0.470703,-0.722656,0.524414
51413063702,0.465332,-0.726074,0.515137
51413086252,0.469238,-0.719238,0.515625
51413108928,0.46582,-0.719238,0.522949
51413123711,0.467773,-0.720703,0.518555
51413144778,0.465332,-0.722656,0.510742
51413161280,0.458496,-0.726074,0.511719
51413184112,0.456543,-0.729004,0.515137
51413213661,0.45459,-0.727539,0.515625
51413234714,0.462402,-0.73291,0.519043
51413243686,0.46582,-0.733398,0.517578
51413266292,0.463379,-0.72998,0.51123
51413288647,0.467773,-0.727051,0.51709
51413309754,0.457031,-0.729492,0.512207
51413326219,0.460449,-0.725586,0.518066
51413346026,0.466797,-0.724609,0.518066
51413363822,0.467773,-0.723633,0.513672
51413388648,0.462891,-0.726074,0.508301
51413414102,0.455078,-0.726562,0.508301
51413423062,0.461426,-0.72168,0.512207
51413446309,0.462402,-0.726074,0.506348
51413465839,0.463867,-0.72998,0.51416
51413491221,0.467285,-0.721191,0.511719
51413513944,0.464844,-0.725098,0.507324
51413526496,0.466797,-0.734863,0.523926
51413542944,0.460449,-0.724609,0.518555
51413565465,0.468262,-0.730957,0.518066
51413588800,0.467285,-0.724121,0.509277
51413603026,0.461426,-0.730957,0.518066
51413625394,0.458008,-0.730469,0.51416
51413646584,0.458496,-0.726074,0.517578
51413663068,0.462891,-0.725098,0.515625
51413693161,0.456543,-0.729492,0.513184
51413714020,0.462891,-0.733398,0.517578
51413722976,0.464355,-0.726074,0.519043
51413745558,0.459473,-0.732422,0.519043
51413768009,0.466309,-0.734375,0.51416
51413790443,0.46875,-0.730957,0.518555
51413805557,0.469238,-0.729004,0.521973
51413826461,0.470703,-0.731445,0.513184
51413842966,0.476562,-0.736328,0.515137
51413865481,0.477539,-0.727539,0.524902
51413894019,0.478516,-0.721191,0.527344
51413916629,0.473633,-0.713867,0.515625
51413925427,0.479004,-0.728516,0.523438
51413954007,0.491699,-0.730469,0.530273
51413969057,0.486816,-0.727051,0.538574
51413992933,0.48877,-0.715332,0.527832
51414006597,0.487793,-0.71582,0.526855
51414022975,0.481934,-0.714355,0.516602
51414045465,0.484863,-0.713867,0.530762
51414068254,0.486328,-0.712402,0.522461
51414082968,0.478027,-0.711426,0.535645
51414105481,0.488281,-0.708008,0.532227
51414127976,0.479492,-0.700195,0.531738
51414142276,0.484375,-0.696289,0.531738
51414173018,0.486328,-0.695312,0.531738
51414195447,0.477051,-0.69043,0.533691
51414216543,0.480469,-0.695312,0.547363
51414225429,0.490723,-0.693848,0.54834
51414248061,0.499023,-0.690918,0.560547
51414270443,0.509277,-0.685059,0.5625
51414285532,0.515137,-0.682617,0.564941
51414308044,0.531738,-0.675293,0.574219
51414322298,0.535645,-0.664062,0.597168
51414345416,0.533691,-0.669434,0.605469
51414375458,0.538086,-0.675293,0.583984
51414396465,0.539062,-0.658691,0.565918
51414405525,0.538574,-0.650879,0.560059
51414427977,0.539062,-0.644043,0.577148
51414450463,0.533203,-0.638672,0.572754
51414473014,0.536621,-0.637695,0.566406
51414487970,0.529785,-0.626465,0.565918
51414509196,0.530762,-0.617188,0.562988
51414525502,0.529297,-0.61084,0.571289
51414547930,0.53125,-0.603516,0.572266
51414569179,0.524414,-0.602051,0.575195
51414586142,0.527344,-0.592285,0.577148
51414607982,0.531738,-0.583008,0.583984
51414629002,0.530762,-0.583984,0.589844
51414653045,0.538574,-0.578613,0.584961
51414674141,0.533203,-0.571777,0.589355
51414697157,0.539062,-0.562988,0.588867
51414705637,0.54541,-0.552734,0.602051
51414728032,0.544434,-0.548828,0.613281
51414750459,0.555176,-0.549805,0.604492
51414765534,0.556152,-0.545898,0.61084
51414787999,0.555176,-0.537109,0.622559
51414816464,0.558594,-0.531738,0.620117
51414826981,0.559082,-0.52832,0.64209
51414847967,0.560547,-0.532715,0.648438
51414869575,0.564941,-0.520996,0.644043
51414885475,0.562012,-0.522461,0.648438
51414908017,0.572266,-0.507324,0.654785
51414930480,0.566406,-0.50293,0.666504
51414952987,0.568359,-0.496582,0.671875
51414975487,0.563477,-0.492188,0.680664
51414989092,0.566895,-0.47998,0.70459
51415012815,0.577637,-0.473633,0.708984
51415027998,0.594238,-0.458008,0.725098
51415050478,0.600586,-0.457031,0.749512
51415065018,0.615723,-0.44873,0.746094
51415088000,0.612305,-0.441895,0.727539
51415118034,0.614746,-0.431641,0.703613
51415124888,0.600098,-0.433105,0.697266
51415155515,0.592285,-0.412598,0.702637
51415186865,0.582031,-0.399414,0.706543
51415191548,0.585938,-0.395996,0.713867
51415208041,0.580566,-0.399414,0.693359
51415230479,0.576172,-0.401855,0.70166
51415252964,0.582031,-0.374512,0.696289
51415267970,0.580078,-0.394043,0.686523
51415290519,0.570312,-0.381348,0.688965
51415319120,0.558594,-0.382324,0.67041
51415328034,0.551758,-0.36377,0.675781
51415358011,0.565918,-0.350098,0.672852
51415379198,0.583496,-0.333984,0.671387
51415388032,0.584473,-0.348633,0.669434
51415412071,0.573242,-0.356445,0.666992
51415439119,0.577148,-0.321777,0.672363
51415455500,0.581543,-0.330078,0.678223
51415470586,0.599121,-0.314941,0.671387
51415484851,0.598145,-0.3125,0.695801
51415508930,0.60791,-0.293457,0.699707
51415531224,0.613281,-0.308594,0.710938
51415559048,0.617188,-0.300781,0.73291
51415568050,0.614746,-0.30127,0.731445
51415590359,0.625977,-0.283203,0.728516
51415611532,0.631836,-0.282227,0.713867
51415643017,0.63916,-0.276855,0.702148
51415658036,0.644531,-0.262695,0.699707
51415671511,0.655273,-0.26123,0.703613
51415688167,0.658203,-0.25293,0.702637
51415710544,0.663086,-0.255371,0.699707
51415733039,0.665527,-0.251953,0.672363
51415748024,0.674316,-0.234863,0.666504
51415770481,0.681152,-0.23584,0.645508
51415791737,0.673828,-0.23291,0.658203
51415808013,0.669922,-0.233887,0.654785
51415830549,0.669434,-0.216309,0.671875
51415859066,0.679688,-0.212891,0.67627
51415867424,0.69043,-0.208008,0.677246
51415892093,0.692383,-0.211914,0.67627
51415913936,0.699707,-0.206543,0.674805
51415935571,0.706055,-0.199707,0.67041
51415950524,0.721191,-0.192871,0.675781
51415971593,0.713379,-0.187012,0.689941
51415988086,0.705078,-0.177246,0.688965
51416010557,0.71582,-0.161621,0.685547
51416033027,0.710938,-0.156738,0.700195
51416047333,0.702148,-0.162598,0.684082
51416070526,0.713379,-0.164062,0.671387
51416093046,0.705078,-0.151367,0.664551
51416107321,0.695312,-0.144531,0.668945
51416138012,0.705566,-0.14209,0.67627
51416160527,0.708008,-0.135742,0.668945
51416167330,0.709961,-0.141113,0.664062
51416198048,0.69873,-0.130371,0.651367
51416212969,0.711914,-0.121582,0.661621
51416234265,0.711426,-0.117676,0.665039
51416250561,0.710449,-0.108398,0.671387
51416288709,0.705078,-0.0957031,0.657715
51416294102,0.719727,-0.097168,0.656738
51416316720,0.720703,-0.101074,0.649902
51416340550,0.71875,-0.0869141,0.652344
51416363028,0.710449,-0.0839844,0.659668
51416370551,0.714355,-0.0727539,0.643066
51416393054,0.720215,-0.0703125,0.62793
51416421580,0.719727,-0.0507812,0.647461
51416438117,0.726074,-0.046875,0.641113
51416476948,0.73877,-0.0585938,0.629395
51416491330,0.749512,-0.0454102,0.625488
51416493553,0.740723,-0.034668,0.622559
51416513034,0.750977,-0.0205078,0.640137
51416566143,0.75,-0.0327148,0.633301
51416568558,0.753906,-0.0297852,0.623535
51416574473,0.738281,-0.0244141,0.620117
51416594129,0.746094,-0.0131836,0.625977
51416618036,0.758301,-0.0102539,0.633789
51416648797,0.746582,-0.0166016,0.634277
51416654194,0.742188,-0.0131836,0.624512
51416670549,0.73877,-0.00244141,0.608887
51416693014,0.755859,0.00390625,0.614258
51416714037,0.74707,-0.0117188,0.615234
51416730584,0.729492,-0.00634766,0.602539
51416753052,0.729492,-0.000488281,0.602539
51416774109,0.742676,0.0117188,0.609375
51416790576,0.745117,0.00585938,0.612305
51416812824,0.744141,0.0102539,0.612793
51416841762,0.748047,0.0136719,0.610352
51416850402,0.747559,0.0126953,0.606934
51416879109,0.759766,0.0234375,0.615234
51416895552,0.748535,0.00488281,0.616699
51416918723,0.749512,0.0107422,0.608887
51416933198,0.742676,0.0136719,0.621094
51416955604,0.756836,0.0244141,0.627441
51416970537,0.747559,0.00927734,0.620117
51416993109,0.740234,0.00683594,0.617188
51417046881,0.736328,0.000976562,0.616211
51417052743,0.726562,0.000488281,0.616699
51417059091,0.722656,0.0078125,0.628906
51417075523,0.714844,-0.0107422,0.606934
51417098084,0.719727,-0.00878906,0.612793
51417120530,0.71875,-0.0161133,0.586914
51417135520,0.731934,-0.00292969,0.595215
51417150037,0.723633,-0.0253906,0.625977
51417173064,0.729004,-0.0126953,0.645508
51417195592,0.726074,-0.0268555,0.625488
51417209938,0.748535,-0.00927734,0.624023
51417233022,0.760254,0,0.624023
51417271957,0.77832,-0.0126953,0.637207
51417276632,0.782227,-0.0292969,0.65918
51417300617,0.768066,-0.0458984,0.661621
51417323069,0.769531,-0.0576172,0.654785
51417330845,0.75,-0.0649414,0.648438
51417353099,0.735352,-0.0390625,0.631836
51417383011,0.737305,-0.0385742,0.630371
51417398102,0.739746,-0.0551758,0.629395
51417413100,0.75293,-0.078125,0.63916
51417435585,0.742188,-0.0849609,0.645508
51417458166,0.742676,-0.0908203,0.643555
51417473077,0.730469,-0.0854492,0.628906
51417511277,0.727051,-0.0771484,0.625977
51417524136,0.733887,-0.0825195,0.623047
51417534089,0.719727,-0.0961914,0.626953
51417555638,0.725586,-0.0952148,0.625
51417576405,0.730469,-0.0947266,0.621582
51417608079,0.720703,-0.110352,0.621094
51417615601,0.713379,-0.0961914,0.630371
51417636605,0.718262,-0.0957031,0.639648
51417653073,0.713379,-0.116211,0.630859
51417675551,0.699707,-0.137695,0.635742
51417696823,0.695312,-0.119629,0.639648
51417713099,0.708008,-0.132812,0.637207
51417736179,0.67334,-0.170898,0.633301
51417756606,0.655273,-0.157227,0.648926
51417772468,0.654297,-0.15625,0.635742
51417801707,0.671875,-0.180176,0.627441
51417816416,0.664062,-0.207031,0.661621
51417833407,0.650391,-0.216797,0.665039
51417855565,0.641602,-0.240723,0.64209
51417878140,0.63623,-0.243652,0.639648
51417892392,0.63623,-0.235352,0.669922
51417915586,0.629883,-0.264648,0.67334
51417938072,0.605469,-0.320801,0.631836
51417952476,0.577637,-0.324707,0.626465
51417975580,0.597656,-0.314453,0.641602
51418005660,0.599121,-0.338867,0.647461
51418012639,0.578613,-0.369141,0.629395
51418036546,0.549316,-0.38623,0.611328
51418058243,0.541992,-0.382812,0.634766
51418080562,0.55127,-0.416504,0.657227
51418103103,0.560059,-0.479492,0.65625
51418118553,0.566406,-0.491699,0.64209
51418139169,0.541992,-0.508789,0.635254
51418155672,0.560059,-0.543945,0.661621
51418178040,0.568848,-0.561035,0.694824
51418206840,0.58252,-0.58252,0.686523
51418215694,0.571777,-0.632324,0.646973
51418239531,0.560059,-0.662598,0.635742
51418260636,0.558594,-0.638672,0.657715
51418283060,0.5625,-0.665527,0.674805
51418305558,0.547852,-0.682129,0.65918
51418319315,0.51709,-0.714355,0.627441
51418335566,0.500488,-0.75293,0.603027
51418358223,0.492676,-0.724609,0.606934
51418379145,0.500488,-0.727051,0.605469
51418395572,0.477539,-0.746582,0.592285
51418418138,0.44873,-0.743164,0.566895
51418440332,0.439941,-0.759277,0.54248
51418455622,0.431641,-0.759766,0.543457
51418485618,0.420898,-0.76416,0.563477
51418508159,0.433594,-0.769531,0.549805
51418515029,0.408203,-0.756836,0.558594
51418538106,0.408691,-0.76123,0.547852
51418560628,0.413574,-0.782227,0.556152
51418575622,0.398926,-0.777344,0.536133
51418598176,0.38916,-0.770996,0.526367
51418619366,0.373047,-0.76123,0.522461
51418635616,0.363281,-0.776367,0.521484
51418658560,0.378906,-0.79834,0.509277
51418679160,0.372559,-0.78125,0.514648
51418710682,0.367188,-0.773438,0.52832
51418718113,0.34668,-0.793457,0.533691
51418739168,0.344238,-0.799805,0.532715
51418763156,0.336426,-0.808105,0.536133
51418785599,0.328125,-0.814453,0.539062
51418799210,0.328613,-0.82959,0.534668
51418815045,0.32373,-0.808105,0.541016
51418838096,0.316895,-0.831543,0.539062
51418860602,0.325195,-0.846191,0.532227
51418875027,0.317871,-0.835449,0.518066
51418911679,0.304688,-0.820801,0.524902
51418920625,0.29834,-0.829102,0.527344
51418935639,0.296387,-0.825195,0.540527
51418965643,0.293945,-0.826172,0.530273
51418988107,0.289062,-0.822754,0.51709
51418994960,0.288574,-0.819824,0.510742
51419018109,0.282715,-0.825195,0.523926
51419041103,0.272461,-0.819336,0.527832
51419063249,0.283691,-0.827637,0.523438
51419078174,0.278809,-0.82373,0.520508
51419117151,0.284668,-0.829102,0.520996
51419121669,0.288574,-0.828125,0.51123
51419138074,0.270508,-0.824707,0.515625
51419166862,0.272461,-0.824219,0.513672
51419175013,0.27002,-0.833984,0.524414
51419198130,0.276855,-0.841797,0.514648
51419220633,0.27002,-0.840332,0.513672
51419243133,0.265625,-0.833984,0.518555
51419265597,0.270508,-0.831055,0.514648
51419280728,0.279297,-0.833008,0.51709
51419295020,0.273438,-0.837402,0.521973
51419318615,0.273438,-0.82666,0.529785
51419340657,0.26416,-0.826172,0.521484
51419369012,0.265137,-0.831055,0.519531
51419379698,0.27002,-0.833496,0.524902
51419400662,0.276367,-0.819336,0.511719
51419423179,0.27002,-0.831055,0.518555
51419445653,0.27002,-0.822754,0.509766
51419468133,0.27002,-0.818848,0.513672
51419481738,0.279785,-0.825195,0.516113
51419498181,0.276367,-0.828613,0.531738
51419520629,0.282227,-0.820312,0.506836
51419541737,0.276367,-0.81543,0.522949
51419558246,0.272461,-0.82373,0.514648
51419580693,0.270996,-0.817871,0.518555
51419601659,0.269531,-0.823242,0.518066
51419618292,0.286133,-0.8125,0.508789
51419648112,0.282715,-0.825684,0.513184
51419669152,0.282227,-0.808105,0.521484
51419678178,0.285156,-0.821289,0.52002
51419700648,0.285156,-0.822266,0.516113
51419723311,0.272461,-0.811523,0.509766
51419745663,0.28125,-0.816895,0.526855
51419768117,0.285156,-0.812988,0.521484
51419781736,0.287109,-0.81543,0.530273
51419798629,0.296875,-0.820801,0.531738
51419820704,0.286133,-0.825684,0.530273
51419843157,0.286621,-0.822754,0.534668
51419858160,0.282227,-0.814453,0.527832
51419880708,0.274902,-0.817383,0.527344
51419903183,0.285645,-0.821289,0.527344
51419917445,0.271484,-0.807617,0.537109
51419948179,0.286133,-0.805176,0.522949
51419970663,0.271973,-0.810059,0.520508
51419977505,0.274414,-0.822266,0.522949
51420000451,0.274902,-0.806152,0.530762
51420023116,0.275391,-0.811523,0.516113
51420045686,0.274414,-0.817871,0.522461
51420060652,0.274902,-0.813477,0.513672
51420083164,0.275391,-0.807129,0.522461
51420097466,0.278809,-0.816406,0.524414
51420120687,0.28125,-0.803223,0.516113
51420150660,0.298828,-0.807617,0.512695
51420157506,0.291992,-0.807617,0.520508
51420180641,0.288086,-0.805176,0.536621
51420210647,0.304199,-0.803711,0.532227
51420225636,0.301758,-0.804199,0.532715
51420248168,0.296875,-0.794434,0.533691
51420263141,0.291504,-0.802246,0.536621
51420284214,0.306641,-0.806152,0.546387
51420300629,0.308594,-0.805664,0.541016
51420323148,0.32373,-0.80957,0.543945
51420352342,0.328125,-0.800293,0.541504
51420360665,0.325195,-0.804199,0.553711
51420383195,0.336426,-0.799805,0.562988
51420404257,0.351562,-0.786133,0.56543
51420428140,0.358398,-0.792969,0.551758
51420450697,0.336914,-0.801758,0.558594
51420464256,0.330566,-0.797363,0.5625
51420486767,0.354004,-0.789551,0.569336
51420503200,0.372559,-0.793945,0.566406
51420525660,0.379883,-0.78125,0.55957
51420554245,0.347656,-0.777832,0.55957
51420563211,0.347168,-0.797852,0.553711
51420584227,0.346191,-0.776855,0.561035
51420600724,0.352051,-0.76709,0.544434
51420630667,0.345703,-0.741211,0.560059
51420653174,0.332031,-0.760254,0.571777
51420660039,0.333008,-0.782715,0.581543
51420683164,0.321777,-0.785645,0.563965
51420705697,0.324219,-0.749023,0.565918
51420728174,0.330078,-0.748535,0.561035
51420743145,0.29834,-0.759277,0.562012
51420765770,0.311523,-0.772461,0.555664
51420780009,0.324219,-0.755859,0.576172
51420803172,0.327637,-0.743164,0.557129
51420833173,0.311035,-0.745117,0.562988
51420840035,0.286621,-0.757324,0.578125
51420863196,0.316895,-0.760742,0.572266
51420885637,0.325684,-0.748535,0.552246
51420908212,0.320801,-0.768066,0.571289
51420929218,0.329102,-0.757812,0.586914
51420945697,0.339355,-0.749023,0.560059
51420960006,0.333984,-0.734375,0.57373
51420983172,0.324707,-0.726562,0.592773
51421005719,0.32373,-0.742188,0.589844
51421020012,0.328125,-0.753418,0.585449
51421043702,0.288086,-0.696289,0.596191
51421065682,0.281738,-0.722656,0.59668
51421080510,0.289551,-0.708984,0.583984
51421103278,0.289551,-0.742188,0.581055
51421133198,0.239258,-0.730469,0.599609
51421146928,0.248047,-0.731934,0.603516
51421163256,0.259277,-0.713379,0.601074
51421185693,0.243164,-0.710938,0.598633
51421206825,0.23584,-0.738281,0.602539
51421223137,0.218262,-0.754883,0.614746
51421245694,0.214355,-0.745117,0.60498
51421266764,0.213379,-0.724121,0.614258
51421283161,0.220703,-0.723145,0.616699
51421305721,0.230957,-0.743164,0.634766
51421334249,0.209961,-0.774902,0.632812
51421343274,0.20752,-0.772949,0.632324
51421365689,0.216309,-0.766113,0.639648
51421388394,0.205078,-0.758789,0.650391
51421410735,0.204102,-0.762695,0.643555
51421426100,0.197266,-0.769043,0.644043
51421446895,0.19873,-0.759766,0.635254
51421463301,0.199707,-0.75,0.645508
51421485718,0.206543,-0.772949,0.631348
51421506813,0.186035,-0.768555,0.63623
51421523207,0.178223,-0.757812,0.632812
51421545845,0.187012,-0.745117,0.625488
51421567015,0.175781,-0.750488,0.618164
51421583190,0.162109,-0.747559,0.626953
51421611944,0.162109,-0.756348,0.636719
51421626736,0.17334,-0.76709,0.629395
51421643217,0.169434,-0.787598,0.639648
51421665726,0.17041,-0.808594,0.638672
51421690127,0.160645,-0.735352,0.635254
51421710780,0.201172,-0.754395,0.644531
51421725706,0.199707,-0.791992,0.634766
51421748420,0.172363,-0.77832,0.648926
51421763283,0.161133,-0.735352,0.61377
51421785677,0.181152,-0.752441,0.638672
51421815780,0.194824,-0.778809,0.650391
51421822581,0.184082,-0.76709,0.632324
51421845845,0.183594,-0.755859,0.635254
51421868245,0.195801,-0.759277,0.621582
51421891679,0.199219,-0.775391,0.618652
51421913210,0.177246,-0.773438,0.609863
51421928249,0.166504,-0.774902,0.616211
51421943031,0.197754,-0.753906,0.630371
51421965752,0.198242,-0.759277,0.620117
51421988174,0.177246,-0.760742,0.625
51422002574,0.148926,-0.776855,0.624023
51422025762,0.166992,-0.757812,0.628418
51422048206,0.174316,-0.78418,0.625977
51422062611,0.158203,-0.818359,0.647949
51422095501,0.179199,-0.77002,0.625
51422108005,0.158203,-0.749512,0.632324
51422129324,0.163086,-0.772949,0.632324
51422145695,0.186035,-0.788086,0.631348
51422168678,0.146484,-0.759277,0.619629
51422190734,0.148926,-0.757812,0.611328
51422205739,0.138184,-0.741699,0.638672
51422228227,0.15625,-0.765625,0.634766
51422249293,0.134766,-0.773438,0.630859
51422265804,0.121094,-0.791992,0.629395
51422297503,0.121094,-0.766113,0.646973
51422316953,0.131348,-0.765625,0.683105
51422325727,0.161621,-0.77832,0.675781
51422348278,0.172852,-0.795898,0.63916
51422370728,0.115234,-0.742676,0.652832
51422393236,0.097168,-0.744629,0.675781
51422408335,0.134277,-0.740723,0.65918
51422429319,0.0942383,-0.708008,0.655762
51422445729,0.0688477,-0.703125,0.643555
51422468289,0.126465,-0.730957,0.65332
51422489305,0.13916,-0.752441,0.65332
51422505838,0.10498,-0.750977,0.648926
51422528290,0.107422,-0.724609,0.667969
51422549307,0.126465,-0.723145,0.688965
51422573218,0.11084,-0.729492,0.663574
51422595726,0.0722656,-0.72168,0.66748
51422609345,0.0732422,-0.716797,0.681152
51422625731,0.100586,-0.741699,0.674805
51422648235,0.100586,-0.743164,0.676758
51422670721,0.0883789,-0.71875,0.679199
51422685048,0.102051,-0.703125,0.669434
51422708339,0.127441,-0.730469,0.67041
51422730766,0.11084,-0.74707,0.685547
51422745036,0.0742188,-0.736816,0.672852
51422775809,0.078125,-0.726562,0.676758
51422798285,0.114258,-0.726074,0.681641
51422805064,0.120605,-0.738281,0.675781
51422835746,0.0805664,-0.75,0.669922
51422850759,0.0664062,-0.741699,0.685059
51422873375,0.0952148,-0.726562,0.680664
51422888254,0.11377,-0.727051,0.678711
51422910863,0.101074,-0.753906,0.689941
51422925201,0.0839844,-0.749512,0.69043
51422948215,0.0893555,-0.744629,0.68457
51422970782,0.102051,-0.70752,0.682617
51422985166,0.112793,-0.714355,0.67627
51423015790,0.10791,-0.755371,0.666992
51423030803,0.0795898,-0.750488,0.668457
51423045085,0.0727539,-0.728027,0.681152
51423068241,0.105957,-0.719727,0.675293
51423090758,0.123047,-0.744141,0.669922
51423111809,0.0947266,-0.755859,0.661621
51423128253,0.0629883,-0.733887,0.662598
51423150768,0.0874023,-0.72998,0.663574
51423171842,0.117188,-0.717285,0.666992
51423188366,0.0996094,-0.728027,0.64502
51423210712,0.0766602,-0.743652,0.659668
51423232021,0.0874023,-0.744629,0.670898
51423248265,0.0952148,-0.741699,0.66748
51423278352,0.11084,-0.736328,0.666016
51423299317,0.126953,-0.743652,0.667969
51423309159,0.102539,-0.756836,0.685547
51423330841,0.0878906,-0.746094,0.682129
51423353216,0.0927734,-0.726562,0.676758
51423368032,0.112793,-0.736816,0.673828
51423390789,0.110352,-0.751465,0.683594
51423411808,0.0957031,-0.751953,0.688965
51423428265,0.0883789,-0.749512,0.670898
51423450724,0.0839844,-0.736816,0.680176
51423479408,0.107422,-0.73584,0.659668
51423488385,0.105469,-0.749512,0.665039
51423510723,0.0844727,-0.742188,0.67041
51423531892,0.0874023,-0.755371,0.646973
51423555763,0.120605,-0.732422,0.646973
51423578254,0.124023,-0.71582,0.644531
51423593302,0.0961914,-0.746094,0.630371
51423609245,0.0981445,-0.736816,0.660156
51423631253,0.115723,-0.750977,0.647949
51423653268,0.115234,-0.733887,0.650879
51423667671,0.106445,-0.729492,0.67627
51423690813,0.123535,-0.768066,0.667969
51423713251,0.121582,-0.758301,0.671387
51423727656,0.108398,-0.769043,0.672852
51423750820,0.10791,-0.759766,0.685547
51423780817,0.0908203,-0.745117,0.66748
51423787596,0.0776367,-0.744629,0.679688
51423812415,0.12207,-0.757324,0.65625
51423833883,0.14209,-0.719727,0.648438
51423855774,0.130371,-0.757324,0.666504
51423870795,0.115234,-0.748535,0.633301
51423893278,0.109863,-0.742188,0.631836
51423907600,0.12793,-0.722168,0.621582
51423931599,0.0981445,-0.703125,0.63623
51423953284,0.0678711,-0.753906,0.624512
51423967657,0.0493164,-0.732422,0.618164
51423990770,0.0512695,-0.730469,0.631836
51424013831,0.0522461,-0.725586,0.650391
51424035854,0.0771484,-0.72168,0.647949
51424058315,0.0761719,-0.703125,0.669922
51424073295,0.0683594,-0.71582,0.643066
51424094381,0.0854492,-0.742188,0.636719
51424112243,0.090332,-0.749512,0.632812
51424133438,0.103027,-0.750488,0.625488
51424161818,0.108398,-0.733887,0.620605
51424170878,0.115234,-0.760254,0.623535
51424193292,0.111328,-0.772949,0.598633
51424215043,0.12793,-0.780273,0.605957
51424230866,0.13623,-0.739746,0.620117
51424260745,0.123535,-0.736328,0.626953
51424274356,0.113281,-0.783691,0.624023
51424290834,0.123047,-0.820312,0.588867
51424313319,0.118164,-0.785645,0.597656
51424335829,0.0942383,-0.756348,0.64209
51424350806,0.118652,-0.753418,0.601074
51424373302,0.130371,-0.802246,0.609375
51424394498,0.141113,-0.857422,0.616699
51424410106,0.141602,-0.843262,0.605469
51424440884,0.126953,-0.785156,0.608887
51424461859,0.103516,-0.777832,0.596191
51424470152,0.0678711,-0.806641,0.60498
51424493079,0.0869141,-0.816406,0.564453
51424514336,0.0673828,-0.801758,0.583984
51424538324,0.0332031,-0.799316,0.596191
51424553298,0.0610352,-0.815918,0.600098
51424575810,0.109863,-0.829102,0.619141
51424590206,0.133789,-0.814453,0.59668
51424613301,0.111328,-0.819336,0.587891
51424635945,0.0551758,-0.826172,0.581055
51424650182,0.0126953,-0.847656,0.600098
51424673282,0.0317383,-0.847168,0.61084
51424695821,0.0488281,-0.840332,0.592773
51424719329,0.0117188,-0.82373,0.583496
51424740909,-0.0356445,-0.826172,0.585938
51424761851,-0.0571289,-0.849121,0.585449
51424776846,-0.0302734,-0.90332,0.567383
51424793295,-0.0200195,-0.847168,0.549316
51424815838,-0.074707,-0.820312,0.559082
51424836966,-0.106445,-0.814453,0.575195
51424853346,-0.113281,-0.849609,0.594727
51424875596,-0.107422,-0.867188,0.591309
51424896952,-0.0927734,-0.880859,0.562012
51424913317,-0.109375,-0.859863,0.570801
51424943364,-0.12793,-0.837891,0.569336
51424956863,-0.147461,-0.852051,0.562988
51424973313,-0.154297,-0.882324,0.558594
51424995855,-0.13916,-0.870117,0.563965
51425016877,-0.140625,-0.836426,0.559082
51425040926,-0.166016,-0.811035,0.578613
51425055824,-0.163086,-0.830078,0.570801
51425076859,-0.151855,-0.858398,0.578125
51425101289,-0.186523,-0.82373,0.557129
51425115872,-0.199219,-0.80957,0.558594
51425144552,-0.191895,-0.817383,0.556641
51425153363,-0.199219,-0.833496,0.547852
51425175781,-0.205566,-0.834473,0.543945
51425197108,-0.216309,-0.818848,0.542969
51425220817,-0.213379,-0.800293,0.548828
51425235876,-0.216309,-0.8125,0.544922
51425256935,-0.22168,-0.827637,0.541504
51425273312,-0.21875,-0.813965,0.541016
51425296324,-0.212891,-0.800781,0.543457
51425318310,-0.212402,-0.812988,0.530762
51425333336,-0.243652,-0.82959,0.546387
51425355906,-0.263672,-0.8125,0.535156
51425376890,-0.251953,-0.811035,0.546875
51425393399,-0.24707,-0.821777,0.543457
51425415866,-0.247559,-0.831055,0.539551
51425444522,-0.273438,-0.82959,0.54541
51425452743,-0.271484,-0.848633,0.555176
51425483294,-0.248047,-0.859375,0.558105
51425498422,-0.244629,-0.848145,0.555664
51425520827,-0.233398,-0.819336,0.543945
51425535822,-0.236816,-0.803711,0.537598
51425558405,-0.25293,-0.801758,0.522461
51425573378,-0.255859,-0.791016,0.519531
51425595850,-0.258789,-0.798828,0.500977
51425618397,-0.263184,-0.808594,0.496582
51425634391,-0.262207,-0.844238,0.513672
51425655914,-0.260254,-0.860352,0.514648
51425678322,-0.272461,-0.858398,0.516113
51425700907,-0.282715,-0.816895,0.516113
51425723382,-0.271973,-0.785645,0.530273
51425738361,-0.279297,-0.793457,0.530762
51425752828,-0.295898,-0.817383,0.541504
51425775852,-0.300293,-0.811523,0.54248
51425798670,-0.279297,-0.814453,0.54248
51425812732,-0.272949,-0.812988,0.550781
51425836559,-0.265137,-0.80957,0.547363
51425873274,-0.253418,-0.812012,0.553711
51425875690,-0.248535,-0.819824,0.553223
51425901914,-0.243164,-0.808105,0.549805
51425925875,-0.248047,-0.811523,0.538574
51425939386,-0.265625,-0.810059,0.542969
51425955829,-0.273926,-0.812012,0.541504
51425985821,-0.269531,-0.814941,0.546875
51425999514,-0.260742,-0.812988,0.537109
51426015847,-0.260742,-0.806641,0.532715
51426038731,-0.262207,-0.811035,0.526855
51426059526,-0.272461,-0.816895,0.526855
51426075843,-0.265625,-0.818359,0.523926
51426105962,-0.259766,-0.818359,0.523926
51426126908,-0.255371,-0.820312,0.530762
51426136829,-0.256348,-0.821289,0.530273
51426158222,-0.260742,-0.818848,0.535645
51426187065,-0.26123,-0.804688,0.540527
51426203411,-0.253906,-0.813477,0.54248
51426218424,-0.254395,-0.821289,0.541016
51426239375,-0.257812,-0.817383,0.539062
51426256046,-0.255859,-0.81543,0.54248
51426278397,-0.261719,-0.808105,0.541016
51426299629,-0.260254,-0.813477,0.540527
51426315898,-0.258789,-0.814453,0.540527
51426339336,-0.263672,-0.819824,0.546387
51426359466,-0.259766,-0.807129,0.538086
51426382036,-0.26416,-0.806641,0.537109
51426405886,-0.269043,-0.808594,0.541992
51426428423,-0.26416,-0.814941,0.537109
51426435825,-0.259277,-0.812012,0.541504
51426458442,-0.256836,-0.814941,0.534668
51426480843,-0.260742,-0.817383,0.527832
51426495328,-0.262207,-0.807129,0.533203
51426518438,-0.256836,-0.80957,0.540527
51426541959,-0.251953,-0.817383,0.541504
51426555265,-0.255859,-0.818848,0.53418
51426578373,-0.255371,-0.8125,0.542969
51426608415,-0.258301,-0.814453,0.536133
51426615239,-0.265625,-0.813477,0.539551
51426639377,-0.255859,-0.806641,0.538086
51426660952,-0.257812,-0.813965,0.543945
51426683371,-0.259277,-0.814453,0.534668
51426706000,-0.261719,-0.812988,0.534668
51426720971,-0.262695,-0.813477,0.538574
51426735194,-0.256348,-0.813477,0.537598
51426758478,-0.258301,-0.808105,0.540527
51426780973,-0.255859,-0.804199,0.541504
51426795302,-0.260254,-0.817383,0.536133
51426818401,-0.259766,-0.811523,0.535645
51426842728,-0.258301,-0.811035,0.53418
51426855210,-0.261719,-0.8125,0.534668
51426878453,-0.262207,-0.815918,0.533691
51426901131,-0.259766,-0.817871,0.544434
51426921991,-0.26123,-0.810547,0.533203
51426938348,-0.262207,-0.811523,0.535156
51426960736,-0.257812,-0.825684,0.535645
51426982038,-0.260254,-0.826172,0.536133
51426998493,-0.260742,-0.813477,0.537109
51427020871,-0.259277,-0.799316,0.54248
51427041967,-0.262207,-0.808594,0.537598
51427058431,-0.261719,-0.819824,0.539062
51427088350,-0.252441,-0.806152,0.534668
51427109565,-0.245117,-0.802734,0.536621
51427118436,-0.248535,-0.801758,0.540527
51427140941,-0.255859,-0.811523,0.546875
51427163400,-0.256836,-0.821777,0.547363
51427185963,-0.254395,-0.826172,0.536621
51427201194,-0.25,-0.817871,0.538086
51427222028,-0.258789,-0.815918,0.540039
51427238358,-0.265625,-0.803711,0.533203
51427260984,-0.272949,-0.803711,0.541992
51427282005,-0.269043,-0.811035,0.545898
51427305685,-0.262695,-0.810547,0.541504
51427320972,-0.257812,-0.805176,0.537598
51427341971,-0.269531,-0.812012,0.532715
51427365978,-0.274414,-0.817383,0.535156
51427387027,-0.269531,-0.81543,0.541992
51427403484,-0.263184,-0.816406,0.541016
51427418469,-0.259766,-0.807617,0.533203
51427440941,-0.253418,-0.808105,0.537598
51427464072,-0.248535,-0.81543,0.533203
51427477797,-0.254395,-0.81543,0.538574
51427500942,-0.24707,-0.814453,0.546387
51427523429,-0.255859,-0.80957,0.551758
51427537786,-0.256836,-0.806641,0.54541
51427568400,-0.262695,-0.804688,0.54834
51427590968,-0.26123,-0.799316,0.542969
51427597744,-0.256836,-0.810547,0.54248
51427621013,-0.266602,-0.814453,0.547363
51427643388,-0.270508,-0.820312,0.540527
51427657686,-0.259277,-0.813477,0.541016
51427681030,-0.257812,-0.809082,0.543457
51427703142,-0.255371,-0.807129,0.539062
51427726022,-0.26416,-0.809082,0.535645
51427741003,-0.265625,-0.803223,0.540527
51427771030,-0.259277,-0.809082,0.533691
51427777826,-0.256348,-0.818848,0.54541
51427800955,-0.259766,-0.816406,0.543457
51427823500,-0.263184,-0.8125,0.549805
51427844508,-0.261719,-0.804199,0.54834
51427868469,-0.26416,-0.80127,0.546875
51427883399,-0.268555,-0.808594,0.54248
51427904512,-0.266113,-0.807617,0.541504
51427927198,-0.252441,-0.808105,0.540039
51427943441,-0.256836,-0.817383,0.541992
51427964531,-0.250977,-0.819824,0.54248
51427981010,-0.250977,-0.813965,0.546387
51428003462,-0.254395,-0.8125,0.536133
51428024513,-0.253906,-0.820312,0.584473
51428040709,-0.253906,-0.846191,0.573242
51428071055,-0.258301,-0.822754,0.54248
51428085102,-0.260742,-0.80957,0.532227
51428108386,-0.257812,-0.824707,0.523438
51428123917,-0.247559,-0.80127,0.520508
51428145981,-0.258301,-0.79248,0.527832
51428160933,-0.270508,-0.80127,0.536621
51428183490,-0.269043,-0.814453,0.555176
51428205940,-0.25293,-0.858398,0.54248
51428220947,-0.23584,-0.805664,0.555664
51428243426,-0.263184,-0.769043,0.573242
51428272029,-0.259277,-0.781738,0.570312
51428280317,-0.26416,-0.80127,0.541992
51428303434,-0.250488,-0.799316,0.521484
51428326145,-0.254395,-0.776855,0.522949
51428348445,-0.24707,-0.765137,0.516602
51428371063,-0.265137,-0.775879,0.533203
51428386012,-0.269531,-0.779785,0.556641
51428400990,-0.254395,-0.771973,0.591309
51428423505,-0.255371,-0.785156,0.599609
51428446037,-0.277832,-0.804199,0.603516
51428460284,-0.290039,-0.79834,0.584473
51428483471,-0.268066,-0.793945,0.591797
51428505981,-0.269043,-0.771973,0.589844
51428527166,-0.25293,-0.799316,0.576172
51428550972,-0.236816,-0.736816,0.545898
51428573492,-0.202637,-0.76709,0.441895
51428587101,-0.317383,-0.82959,0.541504
51428603446,-0.352051,-0.882324,0.625488
51428625986,-0.214844,-0.804199,0.678711
51428648458,-0.350098,-0.754395,0.766113
51428663452,-0.445312,-0.695801,0.674805
51428686035,-0.321289,-0.724121,0.666504
51428706991,-0.267578,-0.695801,0.651367
51428723431,-0.216797,-0.707031,0.458496
51428753474,-0.197266,-0.61377,0.374512
51428774497,-0.290527,-0.790039,0.480469
51428783509,-0.259277,-0.837402,0.600586
51428806024,-0.241699,-0.782715,0.714355
51428828525,-0.344238,-0.705566,0.766113
51428849620,-0.353516,-0.777832,0.706543
51428865955,-0.253906,-0.848633,0.674805
51428887078,-0.251465,-0.852539,0.628418
51428903581,-0.262695,-0.774902,0.470215
51428925943,-0.132324,-0.672363,0.350098
51428954562,-0.1875,-0.604492,0.400391
51428963418,-0.250488,-0.638672,0.534668
51428986097,-0.193848,-0.747559,0.663574
51429007052,-0.301758,-0.858887,0.813477
51429037111,-0.405762,-0.92627,0.739746
51429053486,-0.255371,-0.924316,0.686035
51429067127,-0.179688,-0.874512,0.645996
51429083573,-0.248535,-0.847168,0.49707
51429112006,-0.197754,-0.694336,0.474121
51429127032,-0.208984,-0.554688,0.404785
51429142819,-0.314941,-0.596191,0.459961
51429165936,-0.381836,-0.725098,0.584473
51429187097,-0.282715,-0.84082,0.727051
51429202837,-0.168945,-0.894531,0.79834
51429233485,-0.255371,-0.868164,0.785645
51429247533,-0.317383,-0.885742,0.676758
51429262841,-0.284668,-0.793945,0.599609
51429286053,-0.249023,-0.726074,0.513184
51429308479,-0.216797,-0.637207,0.388184
51429331045,-0.276367,-0.628418,0.404785
51429346016,-0.341797,-0.720703,0.477539
51429368434,-0.274902,-0.751465,0.629395
51429383047,-0.186035,-0.793945,0.710449
51429406073,-0.291504,-0.852051,0.760742
51429436175,-0.400391,-0.876953,0.705078
51429442856,-0.330078,-0.760742,0.696777
51429465982,-0.330566,-0.639648,0.660156
51429488499,-0.230469,-0.61377,0.527344
51429510972,-0.224609,-0.647949,0.510254
51429533469,-0.306641,-0.662109,0.566895
51429548473,-0.334961,-0.664062,0.653809
51429569518,-0.11377,-0.732422,0.844727
51429586152,-0.0224609,-0.945801,0.912109
51429608507,-0.377441,-0.895996,0.799316
51429629572,-0.501953,-0.736328,0.666504
51429645978,-0.415527,-0.566895,0.650391
51429668484,-0.267578,-0.555176,0.378906
51429689591,-0.276367,-0.529297,0.259766
51429712070,-0.502441,-0.661133,0.406738
51429736001,-0.499512,-0.773438,0.505371
51429749718,-0.136719,-0.790039,0.797363
51429765961,-0.0761719,-0.824219,0.944336
51429788552,-0.337402,-0.746582,0.869141
51429810966,-0.473145,-0.681152,0.794434
51429825937,-0.463379,-0.434082,0.716309
51429848550,-0.300293,-0.504395,0.515137
51429869545,-0.245605,-0.631836,0.499512
51429885990,-0.35791,-0.736328,0.585449
51429908697,-0.334961,-0.76709,0.654785
51429937053,-0.0717773,-0.791016,0.830078
51429946006,-0.0410156,-0.842285,0.913086
51429968470,-0.366699,-0.724609,0.848633
51429991029,-0.484863,-0.592285,0.814941
51430013460,-0.512207,-0.430664,0.769043
51430035983,-0.458496,-0.414551,0.65625
51430049574,-0.29834,-0.491699,0.512207
51430066531,-0.367676,-0.484375,0.520508
51430088487,-0.488281,-0.541016,0.572754
51430109619,-0.316895,-0.548828,0.748047
51430125352,-0.123535,-0.64502,0.955078
51430148584,-0.352051,-0.602051,0.891602
51430169593,-0.591309,-0.59668,0.731445
51430186286,-0.530762,-0.417969,0.746582
51430215997,-0.325684,-0.560547,0.519531
51430238503,-0.299316,-0.637207,0.480469
51430245493,-0.470703,-0.602539,0.578125
51430268526,-0.400391,-0.521484,0.681641
51430290986,-0.0209961,-0.644043,0.89209
51430313613,-0.162598,-0.733887,1.0542
51430328488,-0.48877,-0.69043,0.892578
51430351048,-0.537598,-0.709961,0.793457
51430365472,-0.452148,-0.554199,0.637207
51430390010,-0.322266,-0.660156,0.437988
51430418543,-0.266113,-0.679688,0.36084
51430439600,-0.503418,-0.65332,0.526367
51430448723,-0.428711,-0.557617,0.729004
51430471031,-0.0800781,-0.539551,0.96582
51430493548,-0.146973,-0.554199,0.948242
51430514761,-0.40918,-0.808105,0.770996
51430530990,-0.501953,-0.826172,0.696777
51430552109,-0.399902,-0.770996,0.526855
51430568533,-0.280762,-0.629883,0.437012
51430591486,-0.334473,-0.534668,0.441895
51430619772,-0.470215,-0.470215,0.486816
51430628520,-0.453613,-0.484863,0.614746
51430651035,0.0102539,-0.486816,0.881836
51430672123,0.133789,-0.694336,1.1709
51430696073,-0.41748,-0.874512,0.962891
51430718593,-0.681641,-1.01123,0.811035
51430732109,-0.382324,-0.834473,0.628418
51430748537,-0.263184,-0.691406,0.262207
51430771087,-0.20166,-0.499023,0.327637
51430793497,-0.492188,-0.510254,0.498047
51430808734,-0.446777,-0.453125,0.744141
51430831015,-0.0380859,-0.618652,0.941895
51430852071,-0.0561523,-0.565918,1.0835
51430868624,-0.292969,-0.730957,0.874023
51430898577,-0.498535,-0.759277,0.858398
51430919777,-0.632812,-0.753906,0.583008
51430928540,-0.540039,-0.509766,0.394043
51430951104,-0.377441,-0.462891,0.345215
51430973551,-0.528809,-0.441895,0.554199
51430996062,-0.418457,-0.603027,0.780273
51431011044,-0.0424805,-0.625488,0.973633
51431032119,-0.172363,-0.618164,0.907227
51431047932,-0.507812,-0.781738,0.716309
51431071028,-0.483398,-0.75,0.655762
51431099604,-0.382812,-0.636719,0.387695
51431108095,-0.317383,-0.550781,0.40625
51431131051,-0.487793,-0.496094,0.575195
51431153658,-0.587402,-0.533203,0.663574
51431176037,-0.250977,-0.555176,0.859375
51431198508,0.0703125,-0.678711,0.954102
51431213545,-0.28125,-0.649414,0.931152
51431227892,-0.586426,-0.744141,0.79248
51431251074,-0.602539,-0.649414,0.755371
51431273645,-0.405762,-0.611816,0.543457
51431287901,-0.241211,-0.487305,0.412598
51431311032,-0.340332,-0.486816,0.566406
51431333512,-0.525391,-0.486328,0.67041
51431356013,-0.344238,-0.529785,0.893555
51431384612,-0.0375977,-0.630371,0.984375
51431401015,-0.192871,-0.686035,0.928223
51431414786,-0.579102,-0.961914,0.757324
51431431045,-0.594727,-0.819336,0.690918
51431459619,-0.458496,-0.708008,0.542969
51431476081,-0.378418,-0.493164,0.446777
51431491065,-0.493164,-0.344727,0.522461
51431513565,-0.530273,-0.348633,0.574219
51431534621,-0.403809,-0.452637,0.555176
51431551070,-0.111328,-0.66748,0.587891
51431573533,-0.0327148,-0.870605,0.726074
51431602113,-0.264648,-0.895508,0.890625
51431611243,-0.604004,-0.993164,0.810059
51431633561,-0.543457,-0.641113,0.695801
51431654599,-0.424316,-0.455078,0.500977
51431678576,-0.348633,-0.241211,0.491211
51431693580,-0.562988,-0.226562,0.758789
51431714810,-0.580078,-0.311523,0.851562
51431731095,-0.236328,-0.438477,0.956055
51431753501,-0.0644531,-0.583496,0.902344
51431774615,-0.219727,-0.799316,0.785645
51431791146,-0.353027,-0.96875,0.711426
51431813629,-0.445312,-0.887695,0.63623
51431834556,-0.472168,-0.785156,0.445312
51431851052,-0.466797,-0.536621,0.33252
51431881058,-0.440918,-0.483887,0.434082
51431894681,-0.393555,-0.396973,0.561523
51431910374,-0.424805,-0.337402,0.599609
51431933606,-0.212891,-0.459961,0.705566
51431954574,0.0537109,-0.800293,0.937012
51431978635,-0.0507812,-0.999023,1.19141
51431993602,-0.478516,-1.19385,1.08252
51432014794,-0.576172,-0.798828,0.889648
51432030449,-0.508789,-0.550293,0.595215
51432053564,-0.143066,-0.535156,0.303223
51432082134,-0.211914,-0.399902,0.394043
51432090447,-0.548828,-0.414062,0.450684
51432113638,-0.397949,-0.558105,0.681641
51432142175,-0.034668,-0.657227,0.84375
51432150386,-0.171387,-0.769043,0.836914
51432181210,-0.685547,-1.06299,0.765625
51432196067,-0.619629,-0.698242,0.689941
51432210404,-0.493164,-0.54248,0.409668
51432234073,-0.362305,-0.487305,0.365234
51432256121,-0.442383,-0.345703,0.524902
51432270415,-0.546387,-0.398438,0.680664
51432293578,-0.205078,-0.404785,0.851562
51432316054,0.0610352,-0.535645,0.905273
51432337283,-0.245605,-0.811035,0.937988
51432361070,-0.722656,-1.13135,0.829102
51432383651,-0.402344,-0.891113,0.744629
51432397155,-0.385742,-0.690918,0.448242
51432421112,-0.456055,-0.416504,0.535156
51432436544,-0.499023,-0.281738,0.665527
51432458586,-0.422363,-0.195801,0.658203
51432473621,-0.272461,-0.205078,0.738281
51432496070,-0.0878906,-0.506348,0.817383
51432517081,-0.160645,-0.82666,0.888672
51432533625,-0.489258,-1.07959,0.787598
51432563582,-0.485352,-0.981445,0.595703
51432584889,-0.422852,-0.817871,0.422363
51432593598,-0.462402,-0.524902,0.45166
51432616079,-0.511719,-0.398926,0.535645
51432638610,-0.435547,-0.275391,0.551758
51432659627,-0.348633,-0.265625,0.528809
51432676107,-0.131348,-0.428711,0.65918
51432697163,0.0878906,-0.873535,0.795898
51432715158,-0.0820312,-1.21973,0.900391
51432736131,-0.606445,-1.27295,0.833008
51432758213,-0.501465,-0.817383,0.755859
51432773601,-0.429199,-0.614258,0.577637
51432796178,-0.434082,-0.355957,0.575684
51432817140,-0.479004,-0.307129,0.679199
51432839669,-0.435059,-0.21875,0.665527
51432863565,-0.310547,-0.422852,0.62793
51432877207,-0.131836,-0.627441,0.81543
51432893637,-0.0683594,-0.887695,0.925781
51432916308,-0.324707,-0.984375,0.817871
51432938612,-0.548828,-0.887695,0.676758
51432952967,-0.485352,-0.694336,0.553711
51432976185,-0.406738,-0.647949,0.385742
51432997162,-0.355957,-0.582031,0.383789
51433013006,-0.449219,-0.539551,0.467285
51433036108,-0.34375,-0.566895,0.616699
51433066068,-0.115234,-0.612793,0.870117
51433072969,-0.120117,-0.675781,0.913086
51433096152,-0.368164,-0.838867,0.834961
51433120043,-0.442871,-0.791016,0.73291
51433141171,-0.402832,-0.630859,0.677734
51433156122,-0.272461,-0.644531,0.515137
51433178588,-0.341309,-0.640137,0.585449
51433193034,-0.444824,-0.596191,0.595703
51433216165,-0.376953,-0.564941,0.55127
51433239099,-0.239746,-0.512207,0.592773
51433253013,0.0239258,-0.73291,0.899414
51433276080,-0.175781,-0.835449,0.995117
51433298596,-0.600098,-0.854492,0.802246
51433321132,-0.654297,-0.700195,0.688477
51433343646,-0.450195,-0.553711,0.475586
51433358380,-0.372559,-0.596191,0.417969
51433379685,-0.279785,-0.668945,0.339844
51433396131,-0.471191,-0.526855,0.46582
51433419539,-0.562012,-0.505859,0.609863
51433439739,-0.245117,-0.519043,0.774414
51433456161,-0.0263672,-0.700684,0.973633
51433478597,-0.320801,-0.722656,0.911621
51433499872,-0.679688,-0.831055,0.736328
51433516131,-0.543457,-0.808105,0.684082
51433546130,-0.303223,-0.70752,0.539551
51433567181,-0.240723,-0.73877,0.523926
51433576113,-0.27002,-0.703125,0.550781
51433598743,-0.28418,-0.630859,0.629883
51433622084,-0.274902,-0.535645,0.674805
51433643638,-0.137207,-0.523438,0.761719
51433658656,-0.158203,-0.584961,0.879883
51433679709,-0.372559,-0.797363,0.831543
51433696130,-0.624512,-0.900879,0.725098
51433718568,-0.439453,-0.788574,0.611816
51433748680,-0.322754,-0.722168,0.490723
51433755541,-0.271973,-0.625977,0.403809
51433778594,-0.354004,-0.657227,0.492676
51433799898,-0.416992,-0.562988,0.52832
51433825433,-0.360352,-0.557129,0.498047
51433846127,-0.0913086,-0.537598,0.662109
51433861177,0.0107422,-0.709961,0.92627
51433875471,-0.425781,-0.958496,0.924805
51433898711,-0.770996,-0.867676,0.825684
51433921095,-0.57666,-0.649902,0.694336
51433942317,-0.409668,-0.567871,0.520996
51433958666,-0.291016,-0.507324,0.413574
51433981088,-0.342285,-0.598145,0.52002
51433995485,-0.474121,-0.558594,0.623535
51434027959,-0.298828,-0.480957,0.713379
51434047235,0.00341797,-0.557129,0.951172
51434055506,-0.185059,-0.70166,0.976074
51434078634,-0.675293,-0.822266,0.817871
51434101129,-0.601562,-0.703613,0.686523
51434122182,-0.398438,-0.708008,0.633789
51434138668,-0.288086,-0.68457,0.413574
51434161193,-0.305176,-0.656738,0.415039
51434175461,-0.416992,-0.629883,0.516602
51434198593,-0.466797,-0.515625,0.577148
51434230484,-0.32959,-0.450195,0.602539
51434249866,-0.108398,-0.495605,0.74707
51434258771,-0.108398,-0.660645,0.958984
51434281170,-0.464355,-0.987305,0.90332
51434303657,-0.65625,-0.848633,0.85791
51434326286,-0.393066,-0.706543,0.690918
51434341187,-0.288574,-0.629883,0.384277
51434362250,-0.339355,-0.590332,0.484375
51434378642,-0.479492,-0.548828,0.547363
51434401188,-0.479492,-0.463379,0.578125
51434422223,-0.269043,-0.413574,0.682129
51434438630,-0.0654297,-0.499023,0.877441
51434461155,-0.205078,-0.67627,0.932617
51434482255,-0.565918,-0.900879,0.86084
51434504912,-0.600098,-0.785156,0.777832
51434528624,-0.411621,-0.722656,0.649414
51434542252,-0.293457,-0.692871,0.375977
51434558722,-0.350586,-0.654297,0.420898
51434581121,-0.491699,-0.560059,0.536621
51434603715,-0.504395,-0.464844,0.55957
51434618668,-0.355469,-0.401855,0.585449
51434641105,-0.141113,-0.487305,0.759277
51434662415,-0.115234,-0.684082,0.967773
51434678667,-0.394043,-0.876953,0.974121
51434707231,-0.595215,-0.876465,0.866211
51434729769,-0.419434,-0.788086,0.741211
51434739578,-0.302734,-0.69043,0.510742
51434761250,-0.242676,-0.589844,0.368652
51434789670,-0.376465,-0.590332,0.467773
51434806221,-0.564941,-0.541016,0.588379
51434821199,-0.449219,-0.475586,0.633301
51434842179,-0.161621,-0.390625,0.79248
51434858037,-0.0585938,-0.52832,0.98877
51434881139,-0.374023,-0.710938,0.946777
51434902245,-0.652832,-0.80957,0.800781
51434918044,-0.495117,-0.828613,0.671875
51434943330,-0.319824,-0.789551,0.411621
51434963702,-0.259766,-0.693359,0.361816
51434986114,-0.422363,-0.644043,0.497559
51435008686,-0.516113,-0.525879,0.597656
51435031130,-0.35498,-0.432129,0.65918
51435038018,-0.0932617,-0.419434,0.828125
51435061189,-0.0209961,-0.608398,1.00928
51435083693,-0.35498,-0.779785,0.947266
51435097985,-0.567383,-0.847656,0.793457
51435121183,-0.421875,-0.807617,0.682129
51435143677,-0.339844,-0.798828,0.609375
51435164769,-0.20166,-0.60498,0.375
51435181192,-0.254883,-0.515137,0.365234
51435211211,-0.663574,-0.505859,0.535156
51435232235,-0.726074,-0.461914,0.600098
51435241167,-0.419922,-0.387695,0.72998
51435263685,-0.223633,-0.45752,0.882812
51435286210,-0.281738,-0.600098,0.964355
51435301182,-0.557617,-0.668945,0.920898
51435323671,-0.566406,-0.679199,0.782227
51435344755,-0.410156,-0.754395,0.631348
51435361181,-0.263672,-0.661133,0.323242
51435383755,-0.287598,-0.643555,0.384277
51435412895,-0.452637,-0.633789,0.516602
51435421202,-0.414062,-0.625488,0.679199
51435443657,-0.151367,-0.554199,0.928711
51435466181,-0.214355,-0.475586,0.963379
51435488773,-0.510742,-0.676758,0.871582
51435511201,-0.492188,-0.742676,0.749512
51435524758,-0.313965,-0.795898,0.630371
51435541191,-0.152832,-0.749023,0.361816
51435563729,-0.33252,-0.696777,0.51709
51435586230,-0.471191,-0.568848,0.635742
51435601144,-0.382324,-0.484863,0.673828
51435623732,-0.187988,-0.419922,0.773926
51435644737,-0.0454102,-0.557129,0.918945
51435661189,-0.151367,-0.642578,1.03271
51435691186,-0.40332,-0.780762,0.837891
51435712266,-0.53125,-0.839355,0.708496
51435720560,-0.424805,-0.871582,0.591309
51435743671,-0.300293,-0.772461,0.345703
51435766174,-0.378418,-0.669922,0.362305
51435788732,-0.509277,-0.620117,0.457031
51435804321,-0.574219,-0.496582,0.561035
51435824761,-0.414551,-0.430664,0.637207
51435840551,-0.154785,-0.447754,0.846191
51435864149,-0.0981445,-0.659668,1.04639
51435893704,-0.436523,-0.709473,0.974609
51435900514,-0.498047,-0.659668,0.791504
51435923696,-0.384766,-0.666992,0.603516
51435946197,-0.4375,-0.679199,0.42041
51435968692,-0.479004,-0.633789,0.455078
51435991202,-0.469238,-0.530762,0.535645
51436006168,-0.426758,-0.53125,0.571777
51436027312,-0.320801,-0.564941,0.610352
51436043713,-0.0776367,-0.635742,0.814941
51436066258,-0.0297852,-0.82373,1.04639
51436080560,-0.337402,-0.75293,0.951172
51436103701,-0.424805,-0.727539,0.809082
51436126269,-0.309082,-0.762207,0.634277
51436147216,-0.382812,-0.73291,0.516602
51436169833,-0.371582,-0.712402,0.489746
51436193749,-0.354004,-0.649902,0.510742
51436207283,-0.496582,-0.533691,0.619141
51436223756,-0.416992,-0.445312,0.657715
51436246196,-0.273926,-0.477051,0.675293
51436251611,-0.159668,-0.578613,0.751465
51436277118,-0.0708008,-0.771484,0.867676
51436306221,-0.305176,-0.815918,0.882812
51436319096,-0.543945,-0.726562,0.765137
51436342913,-0.42041,-0.678711,0.717773
51436349063,-0.395996,-0.65332,0.647949
51436374673,-0.398438,-0.527832,0.519531
51436397029,-0.366211,-0.594238,0.439453
51436409122,-0.448242,-0.582031,0.515625
51436431731,-0.449707,-0.61084,0.578125
51436454101,-0.185059,-0.612793,0.73584
51436472212,0.0234375,-0.76416,0.960938
51436491592,-0.168457,-0.821289,0.996094
51436514105,-0.533691,-0.6875,0.838379
51436532081,-0.430176,-0.664551,0.750488
51436551601,-0.394531,-0.69873,0.637207
51436577107,-0.390625,-0.625488,0.480957
51436596654,-0.374023,-0.520508,0.425781
51436619235,-0.480957,-0.52002,0.523438
51436634320,-0.568359,-0.477539,0.585449
51436652036,-0.414062,-0.49707,0.625488
51436674620,-0.161133,-0.520508,0.746582
51436694124,0.0195312,-0.69873,0.963379
51436710548,-0.226562,-0.80127,1.021
51436731683,-0.602051,-0.667969,0.862305
51436754055,-0.539551,-0.518555,0.745117
51436769065,-0.433105,-0.602051,0.632324
51436791694,-0.339355,-0.654785,0.442871
51436822323,-0.366211,-0.708008,0.430664
51436830602,-0.525879,-0.608398,0.545898
51436851604,-0.489258,-0.537109,0.594727
51436877234,-0.224609,-0.499023,0.707031
51436898074,-0.0336914,-0.586426,0.914551
51436911637,-0.162109,-0.660156,1.02588
51436934297,-0.469238,-0.640625,0.873535
51436956665,-0.484863,-0.600098,0.789551
51436974618,-0.414551,-0.627441,0.692383
51436994189,-0.326172,-0.686035,0.524902
51437010600,-0.349609,-0.734863,0.412598
51437031649,-0.504395,-0.613281,0.493652
51437054173,-0.526855,-0.528809,0.581543
51437078193,-0.306641,-0.517578,0.679199
51437099136,-0.0957031,-0.538086,0.839844
51437114114,-0.0830078,-0.626953,0.998535
51437130677,-0.347656,-0.651855,0.905762
51437154533,-0.556641,-0.645996,0.806152
51437177311,-0.442383,-0.638184,0.69873
51437190758,-0.384766,-0.716797,0.595703
51437211632,-0.325684,-0.741211,0.437988
51437234214,-0.375488,-0.71582,0.465332
51437252077,-0.487305,-0.619141,0.608398
51437279315,-0.40625,-0.499512,0.67627
51437301702,-0.175293,-0.452148,0.806152
51437316684,-0.0717773,-0.585449,0.959961
51437331787,-0.28418,-0.61084,0.912598
51437357052,-0.533691,-0.609375,0.788086
51437386942,-0.443359,-0.63623,0.708984
51437391664,-0.385742,-0.716309,0.600586
51437414109,-0.368164,-0.782715,0.499023
51437436863,-0.362793,-0.755859,0.437988
51437462066,-0.441895,-0.606445,0.563477
51437474137,-0.464355,-0.530273,0.629883
51437504804,-0.285156,-0.488281,0.749023
51437513059,-0.0996094,-0.535645,0.88623
51437534169,-0.190918,-0.608398,0.966309
51437556698,-0.44043,-0.61084,0.876465
51437580626,-0.525879,-0.615723,0.750488
51437594341,-0.424316,-0.668945,0.676758
51437616695,-0.362305,-0.741699,0.59668
51437634784,-0.313477,-0.742676,0.450195
51437657077,-0.298828,-0.704102,0.447754
51437676604,-0.432129,-0.671387,0.55957
51437693156,-0.431641,-0.563477,0.654297
51437714167,-0.203613,-0.491699,0.797852
51437736667,-0.117676,-0.533203,0.970215
51437760646,-0.318359,-0.571777,0.92041
51437781790,-0.478516,-0.616699,0.803711
51437804867,-0.45166,-0.618652,0.71582
51437813149,-0.398926,-0.745605,0.597168
51437837260,-0.325684,-0.712891,0.427734
51437859597,-0.380859,-0.714355,0.473145
51437877112,-0.475098,-0.655273,0.549316
51437894369,-0.456543,-0.585938,0.609375
51437916689,-0.258301,-0.499023,0.74707
51437934590,-0.0996094,-0.558105,0.945312
51437954301,-0.300293,-0.600586,1.03271
51437985061,-0.488281,-0.549805,0.874023
51437993215,-0.425293,-0.581055,0.738281
51438014179,-0.370117,-0.711426,0.645508
51438036668,-0.289062,-0.788574,0.452637
51438060616,-0.297852,-0.759277,0.388184
51438074137,-0.47168,-0.68457,0.556641
51438096779,-0.503906,-0.577148,0.634277
51438114574,-0.307617,-0.474121,0.728516
51438137195,-0.126465,-0.462402,0.878418
51438156824,-0.220215,-0.524902,1.00293
51438173133,-0.44873,-0.599121,0.874023
51438194411,-0.481445,-0.616699,0.763672
51438216662,-0.417969,-0.711426,0.645996
51438233118,-0.35498,-0.803711,0.543945
51438261644,-0.274414,-0.740234,0.376465
51438284869,-0.341797,-0.72168,0.476562
51438293130,-0.49707,-0.633301,0.60791
51438317736,-0.424805,-0.539551,0.699707
51438339610,-0.193359,-0.45166,0.811035
51438359196,-0.148926,-0.483887,0.958984
51438374205,-0.338379,-0.582031,0.943848
51438396716,-0.483887,-0.625977,0.828125
51438413148,-0.437012,-0.615234,0.727539
51438434198,-0.376953,-0.750488,0.594727
51438464239,-0.288086,-0.737305,0.392578
51438474571,-0.321289,-0.738281,0.486816
51438494228,-0.458496,-0.658203,0.584473
51438516726,-0.442383,-0.554199,0.661133
51438542192,-0.246582,-0.458008,0.771484
51438561683,-0.165527,-0.504883,0.926758
51438576666,-0.316406,-0.564453,0.930176
51438599362,-0.483887,-0.581055,0.829102
51438617101,-0.446289,-0.60498,0.67627
51438636662,-0.413574,-0.705078,0.630859
51438668033,-0.341309,-0.757324,0.533691
51438674227,-0.321289,-0.803223,0.428711
51438696886,-0.370117,-0.706543,0.537598
51438719211,-0.425781,-0.616699,0.646484
51438734189,-0.289062,-0.5,0.739258
51438764331,-0.139648,-0.492188,0.848633
51438779171,-0.211426,-0.577148,0.932129
51438794363,-0.388672,-0.587402,0.912109
51438819596,-0.48584,-0.583008,0.791016
51438842114,-0.43457,-0.627441,0.680176
51438854431,-0.369141,-0.744629,0.571289
51438876763,-0.347168,-0.782227,0.452148
51438899259,-0.351562,-0.737793,0.469238
51438917167,-0.418945,-0.649902,0.568359
51438936710,-0.405762,-0.537109,0.675293
51438959346,-0.284668,-0.460449,0.763672
51438974220,-0.15332,-0.52002,0.857422
51438996919,-0.249512,-0.604004,0.949219
51439028051,-0.451172,-0.596191,0.856445
51439034173,-0.474121,-0.620605,0.741211
51439056782,-0.387207,-0.70166,0.655762
51439079259,-0.34668,-0.748047,0.571777
51439095652,-0.331055,-0.702637,0.466309
51439119628,-0.359375,-0.692383,0.51709
51439139198,-0.438965,-0.602051,0.616699
51439154386,-0.369629,-0.534668,0.691895
51439176716,-0.201172,-0.489746,0.815918
51439199364,-0.207031,-0.571777,0.924316
51439221799,-0.384277,-0.555176,0.911621
51439244207,-0.463867,-0.583496,0.774414
51439259298,-0.387207,-0.631836,0.666992
51439275653,-0.380859,-0.771973,0.61084
51439296703,-0.325684,-0.773438,0.424316
51439322198,-0.364746,-0.736328,0.502441
51439335669,-0.428711,-0.662598,0.586426
51439358245,-0.394531,-0.555664,0.684082
51439379239,-0.251953,-0.458984,0.775391
51439395665,-0.206543,-0.493164,0.894043
51439416778,-0.335938,-0.534668,0.919434
51439447398,-0.428223,-0.595215,0.831543
51439455851,-0.449707,-0.583008,0.723633
51439476750,-0.395996,-0.687012,0.644531
51439502144,-0.37207,-0.78125,0.581543
51439523191,-0.350098,-0.699707,0.44873
51439536698,-0.371582,-0.70166,0.504883
51439559242,-0.404297,-0.650879,0.595215
51439577147,-0.352051,-0.560547,0.698242
51439598177,-0.210938,-0.491211,0.786621
51439636238,-0.186035,-0.521973,0.903809
51439638637,-0.333984,-0.606934,0.915527
51439656752,-0.45459,-0.62207,0.821777
51439679242,-0.418457,-0.581543,0.740234
51439697385,-0.407715,-0.657227,0.631836
51439724244,-0.36377,-0.771973,0.496582
51439746763,-0.354492,-0.761719,0.470215
51439757216,-0.375977,-0.704102,0.568359
51439776816,-0.370605,-0.597168,0.656738
51439802103,-0.28125,-0.521484,0.754883
51439821797,-0.208984,-0.503906,0.851562
51439836735,-0.302734,-0.554688,0.927246
51439859310,-0.407227,-0.59668,0.817871
51439884650,-0.412109,-0.609375,0.729492
51439897249,-0.36084,-0.665527,0.649414
51439926768,-0.353027,-0.803223,0.581055
51439950574,-0.301758,-0.785645,0.452637
51439956684,-0.341309,-0.738281,0.523438
51439979446,-0.424805,-0.654297,0.643555
51440004629,-0.387207,-0.531738,0.730957
51440025754,-0.212402,-0.440918,0.804688
51440039288,-0.236328,-0.509766,0.894043
51440061766,-0.390137,-0.555176,0.896484
51440079711,-0.461426,-0.567871,0.818848
51440099247,-0.370117,-0.589355,0.677246
51440130601,-0.333984,-0.716309,0.585449
51440136785,-0.344238,-0.859375,0.51123
51440159414,-0.357422,-0.834473,0.48877
51440181792,-0.422363,-0.653809,0.5625
51440204226,-0.412109,-0.543457,0.658691
51440226912,-0.289551,-0.467285,0.752441
51440241748,-0.185059,-0.47168,0.863281
51440259826,-0.296387,-0.556641,0.956543
51440282234,-0.438477,-0.54834,0.855469
51440302847,-0.412109,-0.597656,0.742676
51440318226,-0.342773,-0.676758,0.624512
51440339285,-0.382324,-0.783691,0.522949
51440361912,-0.365723,-0.887207,0.427734
51440378384,-0.384766,-0.738281,0.405273
51440406700,-0.442871,-0.673828,0.546875
51440421801,-0.403809,-0.54541,0.692871
51440438258,-0.206055,-0.484863,0.842773
51440459273,-0.15332,-0.456055,0.967285
51440484837,-0.335938,-0.515625,0.992676
51440505686,-0.482422,-0.545898,0.835938
51440519324,-0.37793,-0.580078,0.765137
51440541788,-0.288574,-0.751465,0.607422
51440559680,-0.335938,-0.865234,0.522461
51440579404,-0.330078,-0.854004,0.431152
51440609195,-0.352051,-0.742676,0.379883
51440619735,-0.499512,-0.666016,0.548828
51440639292,-0.516113,-0.506348,0.714355
51440661780,-0.23584,-0.375977,0.801758
51440687472,-0.147461,-0.415039,0.920898
51440707381,-0.317383,-0.535156,0.964355
51440721759,-0.527344,-0.539062,0.864258
51440739676,-0.412109,-0.516113,0.797363
51440762176,-0.25293,-0.699219,0.625488
51440783212,-0.268066,-0.853027,0.512207
51440799685,-0.333496,-0.90625,0.449219
51440819435,-0.378906,-0.749023,0.487305
51440841767,-0.463867,-0.633789,0.594727
51440859631,-0.463379,-0.455078,0.698242
51440887013,-0.279785,-0.383301,0.82959
51440909273,-0.20752,-0.500977,0.937012
51440919816,-0.39502,-0.480469,1.00049
51440939433,-0.488281,-0.539062,0.816895
51440961763,-0.44043,-0.603027,0.721191
51440987949,-0.358887,-0.725586,0.562988
51440999302,-0.316895,-0.769043,0.400879
51441021969,-0.393066,-0.779785,0.453125
51441044322,-0.5,-0.680176,0.535156
51441059331,-0.423828,-0.562988,0.619629
51441090739,-0.25293,-0.462402,0.748535
51441113095,-0.132812,-0.537109,0.954102
51441120720,-0.301758,-0.580566,0.996094
51441141773,-0.478027,-0.556152,0.891113
51441167206,-0.369141,-0.611816,0.71582
51441186982,-0.371582,-0.710938,0.556152
51441201809,-0.364746,-0.814453,0.478516
51441224347,-0.350586,-0.766113,0.461426
51441242312,-0.443848,-0.634766,0.608398
51441264665,-0.382324,-0.513184,0.696777
51441284377,-0.217285,-0.432129,0.816406
51441300742,-0.18457,-0.500977,0.928711
51441321924,-0.317383,-0.552734,0.915039
51441344440,-0.456543,-0.643555,0.79248
51441368314,-0.439453,-0.65332,0.678711
51441389323,-0.427734,-0.724121,0.539062
51441412449,-0.399902,-0.728027,0.460449
51441420810,-0.416992,-0.714844,0.509766
51441444793,-0.441895,-0.638672,0.606445
51441467224,-0.366699,-0.557129,0.683105
51441480778,-0.27002,-0.509766,0.719727
51441501833,-0.191406,-0.502441,0.853027
51441525173,-0.25293,-0.646484,0.958008
51441542279,-0.411621,-0.605957,0.89502
51441561769,-0.468262,-0.565918,0.765625
51441591957,-0.412598,-0.660156,0.599609
51441602191,-0.388184,-0.640625,0.47998
51441621711,-0.319824,-0.685547,0.491699
51441647262,-0.376953,-0.660156,0.62207
51441669697,-0.360352,-0.640625,0.682617
51441689452,-0.220215,-0.549316,0.782715
51441704330,-0.15918,-0.594727,0.960449
51441722963,-0.356934,-0.588379,0.953125
51441744907,-0.46875,-0.591797,0.820312
51441764260,-0.445801,-0.624023,0.708496
51441782203,-0.358887,-0.753418,0.546875
51441801842,-0.311035,-0.722168,0.400391
51441824277,-0.333984,-0.68457,0.496582
51441842399,-0.496582,-0.54541,0.60791
51441869265,-0.466309,-0.494141,0.643555
51441891775,-0.272461,-0.469727,0.760742
51441902228,-0.170898,-0.564453,0.936035
51441922611,-0.380371,-0.624023,0.953125
51441947267,-0.543945,-0.588867,0.810059
51441962246,-0.430176,-0.593262,0.676758
51441981748,-0.401855,-0.715332,0.632812
51442004498,-0.303711,-0.667969,0.509277
51442022258,-0.331055,-0.676758,0.498535
51442041938,-0.462402,-0.613281,0.63916
51442064357,-0.430664,-0.536133,0.699707
51442082219,-0.205078,-0.439453,0.813477
51442103274,-0.0737305,-0.562988,0.973633
51442125383,-0.258789,-0.55957,1.01416
51442149730,-0.510742,-0.571289,0.827637
51442161804,-0.46875,-0.591797,0.687988
51442184343,-0.421875,-0.684082,0.609863
51442202276,-0.324219,-0.700684,0.445801
51442225693,-0.352051,-0.704102,0.45166
51442247503,-0.487793,-0.655762,0.600586
51442266844,-0.457031,-0.5625,0.695312
51442283227,-0.233398,-0.459473,0.83252
51442304514,-0.161133,-0.479492,0.930176
51442326868,-0.335449,-0.480957,0.914551
51442350828,-0.468262,-0.580078,0.781738
51442371858,-0.430176,-0.585938,0.706543
51442386823,-0.403809,-0.661133,0.640137
51442403302,-0.270996,-0.681641,0.587891
51442427226,-0.321289,-0.703613,0.544434
51442449884,-0.431152,-0.679199,0.61377
51442463288,-0.453125,-0.601074,0.65625
51442484347,-0.327637,-0.480469,0.743652
51442506895,-0.16748,-0.553223,0.866699
51442524736,-0.276855,-0.605469,0.945312
51442544450,-0.472168,-0.575195,0.808594
51442574317,-0.468262,-0.576172,0.700195
51442584657,-0.40625,-0.647949,0.652344
51442604604,-0.311523,-0.640625,0.549316
51442629727,-0.333984,-0.696777,0.549316
51442652315,-0.406738,-0.667969,0.622559
51442664441,-0.352051,-0.612305,0.670898
51442689761,-0.245117,-0.519043,0.75293
51442704821,-0.120605,-0.565918,0.904785
51442727214,-0.317383,-0.594238,0.984863
51442754467,-0.486816,-0.570801,0.830566
51442764845,-0.487305,-0.526855,0.701172
51442784330,-0.462402,-0.536133,0.671387
51442806895,-0.35498,-0.643555,0.479004
51442832211,-0.384277,-0.680176,0.486816
51442852048,-0.425293,-0.675781,0.576172
51442866947,-0.383301,-0.647461,0.652344
51442884670,-0.265625,-0.603027,0.699707
51442907332,-0.125977,-0.539062,0.829102
51442929636,-0.147461,-0.699219,0.972656
51442944696,-0.421387,-0.627441,0.924316
51442964547,-0.527832,-0.54834,0.752441
51442986867,-0.408691,-0.594238,0.669922
51443004900,-0.370117,-0.719727,0.532227
51443024318,-0.341797,-0.712402,0.454102
51443054553,-0.342773,-0.712891,0.490234
51443064855,-0.42334,-0.661133,0.588867
51443084337,-0.335938,-0.597168,0.727051
51443109792,-0.146484,-0.554688,0.890137
51443132258,-0.169434,-0.571289,1.05566
51443145965,-0.380859,-0.551758,0.930664
51443167117,-0.412598,-0.563477,0.826172
51443184776,-0.394043,-0.65625,0.680176
51443207288,-0.382812,-0.696777,0.532715
51443226831,-0.320312,-0.637695,0.465332
51443244735,-0.401855,-0.633789,0.480469
51443265893,-0.549316,-0.553711,0.539551
51443286853,-0.48584,-0.505859,0.596191
51443304781,-0.197754,-0.490723,0.78418
51443333257,-0.0913086,-0.626465,1.01611
51443354695,-0.348145,-0.685547,0.95166
51443370815,-0.513672,-0.636719,0.839355
51443385776,-0.373047,-0.599121,0.714844
51443409985,-0.350586,-0.675781,0.583496
51443424764,-0.369141,-0.615234,0.544922
51443445788,-0.495605,-0.566406,0.557129
51443466965,-0.551758,-0.475098,0.590332
51443489313,-0.44043,-0.463867,0.634766
51443507255,-0.209473,-0.464844,0.780273
51443534372,-0.108398,-0.574707,1.04346
51443556849,-0.287598,-0.641602,0.991699
51443567352,-0.479004,-0.637695,0.866211
51443586850,-0.39502,-0.591309,0.680664
51443610854,-0.441895,-0.629883,0.640137
51443634774,-0.339844,-0.609863,0.515625
51443646800,-0.378906,-0.640625,0.42334
51443669594,-0.557617,-0.555176,0.593262
51443687297,-0.491211,-0.499512,0.649902
51443706864,-0.188477,-0.485352,0.805664
51443736864,-0.0615234,-0.614746,0.945801
51443748243,-0.256348,-0.634766,0.990234
51443767047,-0.539551,-0.59082,0.824707
51443789436,-0.459961,-0.605957,0.728516
51443807323,-0.436523,-0.656738,0.628906
51443827069,-0.388672,-0.72168,0.528809
51443850087,-0.366699,-0.664551,0.479004
51443867307,-0.46582,-0.57666,0.555176
51443889833,-0.519531,-0.491699,0.644531
51443912487,-0.355469,-0.415527,0.724121
51443927273,-0.117676,-0.429688,0.883789
51443948285,-0.131836,-0.572754,1.03662
51443969397,-0.378418,-0.605957,0.929199
51443987297,-0.522949,-0.650391,0.789062
51444014377,-0.419434,-0.665527,0.691895
51444036865,-0.384277,-0.708008,0.533203
51444047275,-0.368164,-0.619629,0.489746
51444070025,-0.473633,-0.580566,0.537109
51444092294,-0.543457,-0.485352,0.61377
51444114843,-0.462402,-0.468262,0.668457
51444128380,-0.26709,-0.434082,0.746582
51444149306,-0.131348,-0.549805,0.869141
51444167267,-0.231445,-0.69873,0.942871
51444189818,-0.486816,-0.671875,0.837891
51444209375,-0.442871,-0.609863,0.776855
51444227335,-0.344238,-0.685059,0.719727
51444249807,-0.298828,-0.67334,0.581543
51444269561,-0.36084,-0.657715,0.5625
51444294774,-0.458984,-0.556641,0.607422
51444317356,-0.510742,-0.470215,0.675781
51444329568,-0.387207,-0.443848,0.716309
51444347309,-0.216309,-0.46875,0.822754
51444369808,-0.23291,-0.567871,0.900391
51444392318,-0.363281,-0.619141,0.838867
51444407303,-0.493652,-0.664551,0.736328
51444429825,-0.441406,-0.652344,0.654785
51444449422,-0.415527,-0.757324,0.621094
51444467480,-0.309082,-0.655762,0.507812
51444489806,-0.335938,-0.635254,0.52832
51444517005,-0.489746,-0.587402,0.643555
51444527330,-0.48877,-0.537109,0.745117
51444549819,-0.304199,-0.43457,0.80957
51444572501,-0.168945,-0.444824,0.914062
51444591893,-0.265137,-0.553711,0.966309
51444609829,-0.444336,-0.577637,0.847168
51444629636,-0.447266,-0.602051,0.742188
51444647326,-0.390625,-0.697266,0.684082
51444669992,-0.314453,-0.729492,0.549316
51444698346,-0.312988,-0.650391,0.425293
51444711893,-0.45752,-0.630859,0.548828
51444729975,-0.546875,-0.552246,0.633789
51444749394,-0.388672,-0.464355,0.735352
51444774865,-0.219727,-0.445312,0.854492
51444797325,-0.254395,-0.515625,0.979004
51444809399,-0.407227,-0.57666,0.881348
51444832090,-0.45752,-0.575684,0.783691
51444849828,-0.38623,-0.617188,0.697266
51444872363,-0.358398,-0.771973,0.566406
51444892023,-0.312012,-0.748047,0.480957
51444923781,-0.446777,-0.681641,0.569336
51444932328,-0.523438,-0.490234,0.661621
51444951927,-0.408203,-0.404785,0.741211
51444974373,-0.23877,-0.368652,0.841309
51444996963,-0.230957,-0.489258,0.960449
51445019427,-0.371582,-0.564453,0.895996
51445029785,-0.466309,-0.576172,0.784668
51445050893,-0.426758,-0.623047,0.674805
51445071968,-0.388184,-0.760742,0.560059
51445090041,-0.335449,-0.773926,0.453613
51445110876,-0.410645,-0.714844,0.536621
51445133440,-0.489258,-0.564941,0.630371
51445149839,-0.397949,-0.463379,0.726562
51445170847,-0.254883,-0.405762,0.845703
51445199438,-0.214844,-0.495117,0.910645
51445209831,-0.392578,-0.533691,0.900391
51445230897,-0.49707,-0.544434,0.770996
51445251950,-0.401855,-0.615723,0.69873
51445277397,-0.356934,-0.744141,0.604004
51445298426,-0.345215,-0.806641,0.458984
51445311985,-0.434082,-0.730469,0.569336
51445334675,-0.483887,-0.56543,0.632324
51445352348,-0.445801,-0.453613,0.713379
51445372294,-0.307617,-0.428711,0.811035
51445389856,-0.250488,-0.481934,0.894531
51445412309,-0.374023,-0.547363,0.869629
51445432014,-0.457031,-0.604492,0.761719
51445449982,-0.413086,-0.63916,0.689453
51445479838,-0.409668,-0.699707,0.569824
51445499618,-0.314453,-0.756836,0.401367
51445509875,-0.375,-0.736816,0.528809
51445532477,-0.452148,-0.668457,0.647949
51445554900,-0.404785,-0.547852,0.721191
51445569818,-0.291992,-0.432617,0.796875
51445592446,-0.206055,-0.462402,0.871094
51445611920,-0.304688,-0.566895,0.908691
51445629821,-0.455566,-0.639648,0.818359
51445652528,-0.449219,-0.682617,0.703125
51445680016,-0.383789,-0.685547,0.642578
51445689835,-0.340332,-0.724121,0.522949
51445712366,-0.318359,-0.687988,0.461426
51445731939,-0.363281,-0.712891,0.557129
51445757406,-0.45459,-0.628906,0.661133
51445781787,-0.345703,-0.495605,0.746582
51445792044,-0.225586,-0.496094,0.802734
51445809881,-0.268066,-0.579102,0.853516
51445832329,-0.418945,-0.619141,0.849121
51445854969,-0.458496,-0.688477,0.752441
51445869816,-0.388672,-0.710449,0.646484
51445905796,-0.379395,-0.759277,0.62207
51445912002,-0.344727,-0.798828,0.494629
51445934619,-0.300293,-0.634277,0.432617
51445958452,-0.350098,-0.721191,0.533203
51445982435,-0.460938,-0.595703,0.654785
51445994579,-0.371582,-0.474121,0.800293
51446012365,-0.258301,-0.429199,0.931152
51446034952,-0.365723,-0.446289,0.927246
51446057600,-0.445312,-0.535645,0.794434
51446072347,-0.395996,-0.620605,0.646484
51446093508,-0.379883,-0.682129,0.608398
51446114414,-0.375,-0.75,0.58252
51446132398,-0.304688,-0.771484,0.434082
51446169680,-0.310547,-0.814941,0.530762
51446182032,-0.404297,-0.717285,0.647461
51446192953,-0.358887,-0.519043,0.730957
51446213432,-0.270996,-0.394531,0.852051
51446237411,-0.301758,-0.466797,0.958008
51446252381,-0.450195,-0.526855,0.868652
51446273337,-0.47998,-0.605469,0.759277
51446294468,-0.417969,-0.650391,0.604492
51446312425,-0.382324,-0.734863,0.596191
51446334843,-0.293945,-0.813965,0.384766
51446362015,-0.286621,-0.705078,0.358887
51446372382,-0.42041,-0.770508,0.540527
51446395014,-0.449707,-0.67041,0.67041
51446414491,-0.290527,-0.478516,0.827148
51446432389,-0.246094,-0.454102,0.995605
51446462392,-0.404297,-0.490723,0.949707
51446474439,-0.463379,-0.582031,0.834961
51446494103,-0.369629,-0.619629,0.65918
51446514089,-0.332031,-0.754395,0.590332
51446537988,-0.253906,-0.809082,0.271484
51446552349,-0.296875,-0.712402,0.396484
51446574833,-0.453613,-0.838867,0.550293
51446594492,-0.419922,-0.686523,0.711914
51446612989,-0.231934,-0.500977,0.886719
51446634898,-0.256348,-0.441895,0.94873
51446662018,-0.413086,-0.519043,0.869629
51446672455,-0.426758,-0.631348,0.78418
51446694929,-0.330078,-0.652344,0.658691
51446715982,-0.328613,-0.730469,0.51416
51446739937,-0.308594,-0.763184,0.342773
51446755119,-0.348145,-0.757324,0.448242
51446775186,-0.455566,-0.822266,0.606934
51446800481,-0.39209,-0.62793,0.743652
51446822395,-0.22168,-0.472656,0.844727
51446834521,-0.23584,-0.479492,0.861328
51446852420,-0.37793,-0.570801,0.864258
51446874891,-0.430664,-0.630859,0.769043
51446895996,-0.383301,-0.677734,0.679199
51446912419,-0.337402,-0.702148,0.588867
51446940986,-0.317383,-0.767578,0.445801
51446963439,-0.327148,-0.835449,0.39502
51446972386,-0.395508,-0.790039,0.564941
51446995936,-0.397949,-0.630371,0.692871
51447017454,-0.285645,-0.476562,0.787109
51447032375,-0.253906,-0.44043,0.920898
51447055038,-0.36084,-0.528809,0.879395
51447075972,-0.448242,-0.584473,0.772949
51447092368,-0.388184,-0.668945,0.693848
51447115528,-0.313965,-0.77002,0.623047
51447150774,-0.291504,-0.833008,0.513184
51447156966,-0.321289,-0.825195,0.575684
51447174972,-0.343262,-0.727051,0.568359
51447198115,-0.27002,-0.669922,0.458008
51447217020,-0.325684,-0.558105,0.587402
51447234075,-0.428223,-0.524414,0.761719
51447256700,-0.341797,-0.466797,0.90332
51447277654,-0.388672,-0.512695,1.01172
51447295538,-0.476074,-0.52002,0.810547
51447316697,-0.419434,-0.637695,0.728516
51447345149,-0.350098,-0.695312,0.584473
51447354127,-0.41748,-0.785156,0.52002
51447376606,-0.37207,-0.791992,0.44873
51447397934,-0.341309,-0.731934,0.34082
51447421626,-0.388184,-0.665039,0.570801
51447444061,-0.402832,-0.618164,0.737305
51447457620,-0.258789,-0.456055,0.842773
51447474122,-0.272461,-0.45752,0.966797
51447498447,-0.428711,-0.535645,0.893066
51447519263,-0.472168,-0.57373,0.782715
51447534099,-0.395996,-0.641602,0.679199
51447556623,-0.339355,-0.749023,0.563965
51447577675,-0.315918,-0.745605,0.596191
51447594066,-0.222656,-0.722168,0.433594
51447624828,-0.262207,-0.817383,0.396973
51447645152,-0.317383,-0.938965,0.539551
51447654107,-0.27832,-0.689453,0.627441
51447682623,-0.297852,-0.513184,0.775391
51447698521,-0.375,-0.503418,0.813477
51447721652,-0.483398,-0.550781,0.833496
51447736616,-0.47168,-0.633789,0.801758
51447757831,-0.416016,-0.715332,0.731445
51447774074,-0.396973,-0.767578,0.63916
51447797576,-0.368164,-0.835938,0.54541
51447825211,-0.39502,-0.771973,0.513672
51447834149,-0.384766,-0.704102,0.569824
51447856686,-0.347168,-0.673828,0.619629
51447877657,-0.311523,-0.621582,0.688477
51447901596,-0.268555,-0.617188,0.707031
51447925522,-0.184082,-0.696289,0.695312
51447937657,-0.177246,-0.783203,0.691895
51447954146,-0.225098,-0.818359,0.66748
51447976696,-0.19873,-0.835938,0.674805
51448000085,-0.154785,-0.820312,0.662109
51448013517,-0.11377,-0.800781,0.661621
51448036603,-0.0805664,-0.824707,0.661133
51448059208,-0.0493164,-0.814941,0.691895
51448073529,-0.0185547,-0.777832,0.703125
51448096605,0.0307617,-0.767578,0.661133
51448125007,0.0625,-0.800293,0.659668
51448135004,0.0771484,-0.825195,0.646973
51448156651,0.0703125,-0.813965,0.638672
51448185172,0.101562,-0.783691,0.633301
51448202620,0.158691,-0.772461,0.609863
51448216658,0.144531,-0.775879,0.605957
51448239120,0.136719,-0.773926,0.584473
51448253464,0.134277,-0.760254,0.595703
51448278260,0.160156,-0.749512,0.616211
51448305799,0.194336,-0.75,0.580566
51448313563,0.213867,-0.746094,0.571777
51448336654,0.18457,-0.737305,0.595215
51448359083,0.173828,-0.742676,0.611328
51448381649,0.172363,-0.737305,0.599609
51448405807,0.149414,-0.739258,0.601074
51448419166,0.158691,-0.736328,0.598145
51448440226,0.182617,-0.752441,0.583984
51448456612,0.18457,-0.750488,0.597168
51448479128,0.181641,-0.761719,0.603027
51448500229,0.1875,-0.755859,0.620117
51448516703,0.203125,-0.748047,0.638672
51448539139,0.229492,-0.751465,0.628418
51448553439,0.249023,-0.741699,0.611816
51448577122,0.220703,-0.757812,0.635742
51448599091,0.22168,-0.77832,0.634766
51448620383,0.240234,-0.762695,0.637207
51448636681,0.254883,-0.733887,0.64209
51448659087,0.272461,-0.729492,0.612305
51448680343,0.249512,-0.722656,0.625
51448696651,0.226562,-0.741699,0.658691
51448719296,0.241699,-0.745117,0.664062
51448740218,0.259277,-0.716797,0.650391
51448757089,0.266602,-0.691895,0.632324
51448779224,0.245117,-0.702637,0.643555
51448799989,0.240723,-0.734375,0.656738
51448822637,0.251953,-0.738281,0.64209
51448839118,0.247559,-0.708008,0.658203
51448861671,0.237793,-0.708008,0.637207
51448884224,0.242676,-0.710938,0.643555
51448908270,0.22998,-0.718262,0.63916
51448920412,0.244629,-0.737305,0.641113
51448936685,0.235352,-0.695801,0.655273
51448959108,0.209473,-0.670898,0.650391
51448980421,0.178223,-0.651367,0.618164
51448996672,0.161133,-0.687988,0.619629
51449027266,0.209473,-0.719727,0.602539
51449040213,0.225098,-0.707031,0.603516
51449056634,0.223145,-0.699707,0.618164
51449086702,0.248535,-0.723633,0.62793
51449108844,0.254395,-0.729004,0.634766
51449116836,0.226562,-0.737305,0.637695
51449139236,0.1875,-0.730469,0.649414
51449161668,0.161133,-0.740723,0.627441
51449176681,0.208984,-0.756348,0.629883
51449199214,0.274414,-0.72168,0.601074
51449221718,0.268555,-0.660645,0.609375
51449236034,0.370117,-0.65918,0.713867
51449259147,0.347656,-0.755371,0.76416
51449287772,0.169434,-0.762207,0.718262
51449296042,0.0917969,-0.761719,0.706055
51449319256,0.168945,-0.744141,0.634277
51449341663,0.311035,-0.623047,0.468262
51449364173,0.269043,-0.655762,0.52002
51449386674,0.146484,-0.647461,0.577148
51449401649,0.18457,-0.682129,0.599609
51449422881,0.151367,-0.868164,0.763184
51449439194,-0.0966797,-0.901855,0.67334
51449461638,-0.0537109,-0.934082,0.628418
51449482737,0.0834961,-0.907715,0.644531
51449498980,0.0620117,-0.850586,0.708008
51449521726,0.298828,-0.753906,0.347656
51449542833,0.475586,-0.334473,0.497559
51449566670,0.194336,-0.468262,0.575684
51449589205,0.0732422,-0.563965,0.661621
51449610240,0.251465,-0.79834,0.783691
51449619130,0.120117,-0.877441,0.843262
51449642228,0.0634766,-1.03125,0.65625
51449664137,0.246582,-1.0791,0.576172
51449679234,0.267578,-0.95459,0.60498
51449701652,0.236328,-0.898926,0.670898
51449739922,0.481934,-0.86084,0.262207
51449742199,0.422363,-0.452637,0.45459
51449769183,0.0341797,-0.38623,0.584961
51449791777,0.0317383,-0.572754,0.703125
51449799263,0.230957,-0.749023,0.795898
51449821679,0.0830078,-0.914062,0.907227
51449842982,-0.137695,-0.963379,0.713867
51449866707,-0.0673828,-1.01562,0.671875
51449881687,0.0322266,-0.94873,0.785156
51449902757,0.20752,-0.866699,0.394043
51449920193,0.345215,-0.552246,0.454102
51449941742,-0.0288086,-0.571289,0.557617
51449962819,-0.226074,-0.626953,0.623535
51449978554,0.0454102,-0.739746,0.781738
51450001691,0.264648,-0.812012,0.928223
51450023633,0.130859,-0.891602,0.893066
51450038535,-0.12207,-0.999023,0.664551
51450070661,-0.174316,-0.92041,0.73584
51450084192,-0.115234,-0.859863,0.730957
51450098526,0.158203,-0.794434,0.436523
51450122630,0.185547,-0.523926,0.501465
51450144219,-0.169922,-0.554199,0.604492
51450158590,-0.255859,-0.645996,0.64209
51450181695,0.191406,-0.72998,0.760254
51450204260,0.325195,-0.831055,0.912109
51450219030,0.0419922,-0.901855,0.831543
51450241700,-0.166992,-0.983887,0.649414
51450271682,-0.0283203,-0.939453,0.773926
51450278542,0.0751953,-0.846191,0.658203
51450301693,0.20752,-0.635742,0.373535
51450325224,0.0708008,-0.494629,0.520508
51450352789,-0.0869141,-0.571777,0.574219
51450361709,-0.0766602,-0.661133,0.631348
51450384671,0.133301,-0.666504,0.694824
51450405052,0.28125,-0.694824,0.815918
51450423144,0.273438,-0.805664,0.765625
51450444220,0.155273,-0.900879,0.677734
51450472803,0.180664,-1.01123,0.609863
51450481662,0.0869141,-0.871094,0.675293
51450504220,0.0351562,-0.774414,0.718262
51450526756,0.254883,-0.486816,0.411621
51450549231,0.19873,-0.491699,0.507812
51450571706,0.0263672,-0.627441,0.601562
51450585249,0.106445,-0.687988,0.692871
51450602174,0.212891,-0.697266,0.829102
51450624225,0.227539,-0.786133,0.807129
51450645280,0.190918,-0.867188,0.722168
51450661725,0.166016,-0.872559,0.722168
51450684210,0.206055,-0.78125,0.70166
51450705284,0.269531,-0.608398,0.480957
51450721737,0.212891,-0.600586,0.559082
51450751698,0.142578,-0.630859,0.603516
51450772749,0.11084,-0.669922,0.655273
51450781662,0.171387,-0.697754,0.726562
51450804211,0.158691,-0.76416,0.793457
51450826755,0.13916,-0.839844,0.742188
51450847793,0.166016,-0.893066,0.694336
51450864210,0.203613,-0.893066,0.724609
51450885247,0.287109,-0.727539,0.486816
51450902202,0.288086,-0.543945,0.454102
51450924245,0.171875,-0.566895,0.542969
51450954215,0.12793,-0.586914,0.662109
51450961022,0.182617,-0.612305,0.72168
51450984173,0.208008,-0.655273,0.783691
51451006759,0.158203,-0.746094,0.825684
51451027751,0.124512,-0.811523,0.768066
51451044226,0.17627,-0.865234,0.743652
51451066749,0.228027,-0.85498,0.772461
51451081034,0.291504,-0.78418,0.588379
51451104268,0.352051,-0.711426,0.431641
51451126740,0.245605,-0.579102,0.536621
51451155510,0.174805,-0.568359,0.630859
51451177753,0.15625,-0.630859,0.724609
51451186725,0.198242,-0.686523,0.779297
51451207834,0.209961,-0.780762,0.774414
51451231724,0.208984,-0.813477,0.663574
51451254294,0.245117,-0.807617,0.653809
51451267882,0.268555,-0.818848,0.655273
51451290297,0.262207,-0.797852,0.617676
51451306743,0.29248,-0.674316,0.487305
51451329259,0.279297,-0.524414,0.560059
51451344315,0.230957,-0.566406,0.616699
51451382424,0.259277,-0.60498,0.681152
51451387804,0.288574,-0.661621,0.767578
51451404360,0.272949,-0.736328,0.799316
51451434374,0.287598,-0.85498,0.722168
51451455536,0.250488,-0.873535,0.714355
51451464259,0.20166,-0.869629,0.745117
51451486724,0.374023,-0.778809,0.484375
51451509438,0.395996,-0.606445,0.615723
51451524030,0.210449,-0.626465,0.707031
51451546838,0.182617,-0.65332,0.742676
51451569258,0.286621,-0.626465,0.773926
51451584201,0.375,-0.61377,0.845703
51451606759,0.276367,-0.811035,0.776855
51451627798,0.203613,-0.888672,0.760742
51451644318,0.295898,-0.905273,0.602539
51451666899,0.404297,-0.760254,0.458496
51451687819,0.380371,-0.718262,0.473145
51451711793,0.245117,-0.612305,0.558105
51451734254,0.196777,-0.613281,0.627441
51451747868,0.262695,-0.533691,0.720703
51451764262,0.311035,-0.564453,0.77832
51451786719,0.276367,-0.707031,0.678223
51451809282,0.217773,-0.828125,0.588379
51451824368,0.326172,-0.73584,0.536133
51451861027,0.39209,-0.657715,0.518066
51451875379,0.300781,-0.651855,0.589355
51451883571,0.213867,-0.685547,0.69873
51451906805,0.251465,-0.666016,0.751465
51451927827,0.348633,-0.698242,0.714844
51451944539,0.30127,-0.72998,0.694824
51451966877,0.181152,-0.788086,0.634766
51451989220,0.210449,-0.69873,0.570312
51452011830,0.248535,-0.57373,0.554199
51452026832,0.138672,-0.556641,0.65918
51452049228,0.0180664,-0.586426,0.739746
51452063679,0.0185547,-0.777832,0.789551
51452086793,0.0991211,-0.780273,0.727539
51452109252,0.0449219,-0.825195,0.660156
51452123593,0.0795898,-0.703613,0.571777
51452147772,0.16748,-0.712402,0.6875
51452169301,0.246094,-0.526367,0.69043
51452183613,0.305176,-0.593262,0.695801
51452206769,0.179688,-0.69873,0.743652
51452236761,0.100586,-0.988281,0.723145
51452251415,0.118164,-0.986816,0.68457
51452267244,0.0576172,-0.756836,0.67041
51452289328,0.25293,-0.650879,0.629395
51452310450,0.394043,-0.586426,0.731934
51452326813,0.345215,-0.66748,0.675293
51452349357,0.13623,-0.672363,0.728516
51452370496,0.114746,-0.734375,0.716309
51452386772,0.211426,-0.725098,0.640625
51452416765,0.179688,-0.673828,0.622559
51452430355,0.19043,-0.706543,0.630371
51452446774,0.183594,-0.714355,0.629883
51452469283,0.200195,-0.733887,0.637207
51452491751,0.195312,-0.71875,0.683105
51452506778,0.216309,-0.736328,0.722168
51452529370,0.258301,-0.680176,0.687012
51452550320,0.230957,-0.699219,0.676758
51452567019,0.172852,-0.800293,0.695801
51452589273,0.186035,-0.752441,0.684082
51452618110,0.214844,-0.63623,0.706055
51452626838,0.174805,-0.613281,0.625488
51452649285,0.120117,-0.750488,0.678711
51452670255,0.0976562,-0.800781,0.76709
51452694252,0.0830078,-0.712402,0.737793
51452716964,0.0517578,-0.628906,0.773926
51452730511,0.209961,-0.691895,0.712891
51452746083,0.334961,-0.719727,0.651367
51452769257,0.279297,-0.760742,0.593262
51452791830,0.201172,-0.768066,0.605957
51452806119,0.156738,-0.708496,0.655273
51452829356,0.0737305,-0.595703,0.700195
51452850345,0.0942383,-0.600098,0.661621
51452866125,0.13623,-0.707031,0.680176
51452896774,0.209961,-0.755371,0.708008
51452919306,0.274902,-0.80127,0.725586
51452926206,0.29834,-0.759277,0.709961
51452949262,0.235352,-0.679199,0.695312
51452971843,0.221191,-0.60791,0.6875
51452994300,0.295898,-0.672852,0.668945
51453009303,0.266602,-0.760742,0.67334
51453031818,0.235352,-0.672363,0.644043
51453046141,0.249023,-0.644043,0.620605
51453069837,0.346191,-0.697754,0.608398
51453099300,0.407227,-0.774902,0.658203
51453106147,0.415527,-0.783203,0.638672
51453129387,0.342285,-0.686523,0.659668
51453151773,0.305664,-0.638184,0.636719
51453173045,0.294434,-0.660156,0.666504
51453196797,0.288574,-0.676758,0.693359
51453211813,0.396484,-0.624023,0.608887
51453232903,0.48877,-0.611816,0.535645
51453249263,0.443848,-0.708984,0.553223
51453271885,0.380371,-0.745117,0.615723
51453300459,0.297363,-0.666504,0.671875
51453309290,0.282227,-0.570312,0.666016
51453331784,0.412109,-0.553711,0.621094
51453352869,0.48584,-0.742676,0.618652
51453376848,0.430176,-0.774414,0.593262
51453399352,0.35498,-0.78125,0.605469
51453412846,0.241211,-0.683105,0.687012
51453429327,0.240723,-0.618164,0.663086
51453452268,0.370605,-0.642578,0.577148
51453474335,0.408691,-0.725586,0.554199
51453489410,0.379395,-0.724609,0.590332
51453511767,0.319336,-0.644531,0.670898
51453532859,0.288574,-0.590332,0.653809
51453549296,0.348145,-0.60498,0.587891
51453579411,0.46582,-0.75293,0.5
51453600355,0.358398,-0.790039,0.557617
51453622918,0.326172,-0.728516,0.594238
51453631859,0.294434,-0.662598,0.632812
51453654308,0.258789,-0.686035,0.659668
51453676797,0.349121,-0.677246,0.596191
51453691801,0.407227,-0.729492,0.578613
51453712887,0.425293,-0.745117,0.540039
51453735312,0.380859,-0.699219,0.581055
51453753303,0.364746,-0.658691,0.614746
51453772827,0.336914,-0.698242,0.650879
51453788710,0.265137,-0.757324,0.652832
51453811765,0.208984,-0.734375,0.716797
51453833070,0.347168,-0.712402,0.638672
51453855408,0.424316,-0.759766,0.636719
51453879379,0.34668,-0.814453,0.596191
51453901847,0.360352,-0.792969,0.537598
51453917268,0.371582,-0.730957,0.526367
51453931924,0.375977,-0.765137,0.495605
51453954321,0.314453,-0.774414,0.55127
51453969589,0.269531,-0.732422,0.597656
51453991856,0.276367,-0.755371,0.629395
51454014323,0.282227,-0.77002,0.658203
51454028687,0.338867,-0.755859,0.619629
51454051848,0.36377,-0.741211,0.597168
51454081865,0.381836,-0.777344,0.571777
51454088733,0.336426,-0.796387,0.620117
51454111798,0.293945,-0.777344,0.655762
51454134373,0.339844,-0.781738,0.634277
51454156826,0.338867,-0.729004,0.621582
51454177881,0.330566,-0.757324,0.578613
51454194369,0.299316,-0.757324,0.59082
51454215348,0.281738,-0.70166,0.593262
51454231914,0.273438,-0.729004,0.612305
51454254398,0.351074,-0.820312,0.607422
51454268643,0.349121,-0.822266,0.600586
51454291862,0.271484,-0.723145,0.583984
51454314329,0.252441,-0.787598,0.562012
51454328671,0.279785,-0.864746,0.587891
51454359358,0.343262,-0.810059,0.600098
51454381895,0.317383,-0.774902,0.557129
51454395548,0.20752,-0.683594,0.607422
51454411852,0.322754,-0.703613,0.52832
51454434511,0.21875,-0.709473,0.546875
51454456871,0.200684,-0.737305,0.566895
51454471823,0.232422,-0.763184,0.566895
51454494437,0.270508,-0.775391,0.529297
51454515420,0.250488,-0.773926,0.538574
51454531829,0.300293,-0.784668,0.552246
51454561875,0.312012,-0.896484,0.528809
51454582888,0.337402,-0.86377,0.515137
51454591868,0.203613,-0.765137,0.546875
51454614349,0.129395,-0.726562,0.678223
51454636861,0.162109,-0.741699,0.657227
51454659407,0.192871,-0.675781,0.705566
51454674311,0.217773,-0.770996,0.592285
51454695586,0.441406,-0.896484,0.501953
51454711178,0.526855,-0.81543,0.435059
51454734387,0.325684,-0.729492,0.506348
51454762935,0.263184,-0.691406,0.689941
51454771182,0.203613,-0.682129,0.732422
51454794414,0.424805,-0.684082,0.5625
51454816836,0.27832,-0.814941,0.581543
51454839434,0.284668,-0.789062,0.551758
51454861929,0.425293,-0.820801,0.530273
51454876856,0.520996,-0.948242,0.42627
51454892169,0.453125,-0.806641,0.458984
51454914375,0.377441,-0.793457,0.459473
51454936798,0.165527,-0.797852,0.560059
51454951274,0.296387,-0.706055,0.625
51454974390,0.334961,-0.800293,0.600098
51454996924,0.119141,-0.843262,0.667969
51455017935,0.0874023,-0.75293,0.644043
51455040420,0.360352,-0.780273,0.453125
51455064372,0.453613,-0.905762,0.400879
51455077972,0.381348,-0.912109,0.515625
51455096521,0.29834,-0.799316,0.614258
51455116903,0.366699,-0.718262,0.662109
51455139381,0.416504,-0.71582,0.560547
51455154419,0.296875,-0.821289,0.523438
51455176848,0.339355,-0.751953,0.393555
51455197984,0.415039,-0.852051,0.366211
51455214462,0.395508,-0.832031,0.420898
51455244396,0.386719,-0.76416,0.478027
51455257884,0.326172,-0.750977,0.55127
51455274372,0.286621,-0.725586,0.555176
51455297160,0.308594,-0.79834,0.549316
51455319422,0.314941,-0.817871,0.542969
51455342017,0.231445,-0.73584,0.620117
51455357184,0.263672,-0.776855,0.552246
51455377991,0.255371,-0.885742,0.541504
51455396660,0.303223,-0.835938,0.523438
51455417346,0.247559,-0.625488,0.61377
51455437982,0.186523,-0.680176,0.59375
51455454398,0.253906,-0.705078,0.597656
51455476841,0.144043,-0.632812,0.547852
51455497905,0.271973,-0.725098,0.557617
51455521886,0.250488,-0.894531,0.682617
51455544333,0.208984,-0.748535,0.793945
51455567201,0.231934,-0.693848,0.731934
51455574402,0.210938,-0.771973,0.742188
51455598433,0.482422,-0.731445,0.336426
51455619427,0.473145,-1.00928,0.213379
51455634397,0.426758,-1.00391,0.305664
51455656861,0.410645,-0.806152,0.455078
51455678021,0.260742,-0.821777,0.774414
51455693754,0.00390625,-0.648438,0.951172
51455717095,0.158203,-0.570801,0.90918
51455745420,0.250977,-0.694336,0.802246
51455753728,0.491699,-0.868652,0.510254
51455776894,0.417969,-0.991699,0.341309
51455799976,0.412598,-0.916016,0.321289
51455821989,0.399902,-0.717285,0.413574
51455844398,0.330566,-0.757812,0.544922
51455859415,0.17627,-0.647949,0.733887
51455873769,0.220703,-0.664551,0.78125
51455899117,0.205566,-0.684082,0.783691
51455919482,0.300293,-0.62793,0.696777
51455933734,0.422363,-0.769531,0.418945
51455958351,0.546875,-1.04346,0.224121
51455979429,0.161133,-0.967773,0.3125
51456001943,0.188965,-0.595215,0.312012
51456024470,0.13916,-0.734375,0.529785
51456039469,-0.0117188,-0.70752,0.650879
51456060511,0.131348,-0.736816,0.73877
51456076985,0.301758,-0.644531,0.750488
51456101431,0.549805,-0.791504,0.486816
51456122003,0.555176,-0.940918,0.413086
51456136958,0.526855,-0.875977,0.464355
51456159459,0.344727,-0.804688,0.578125
51456180489,0.230957,-0.712402,0.716797
51456196971,0.132324,-0.621582,0.775391
51456226991,0.202637,-0.572266,0.844238
51456240502,0.30127,-0.736328,0.821289
51456257019,0.36377,-0.814941,0.729004
51456279387,0.225586,-0.879395,0.64502
51456301933,0.252441,-0.830566,0.494141
51456323170,0.39502,-0.898438,0.361328
51456339424,0.324219,-0.755371,0.499023
51456360626,0.177246,-0.69043,0.62793
51456377128,0.148438,-0.688477,0.730469
51456399949,0.157227,-0.63916,0.705566
51456428002,0.248535,-0.560547,0.755371
51456436983,0.458008,-0.744141,0.424805
51456459400,0.380371,-0.853516,0.417969
51456480524,0.290527,-0.844727,0.370117
51456504426,0.255859,-0.633301,0.536133
51456525525,0.187988,-0.686035,0.763672
51456540477,0.117188,-0.663086,0.828613
51456564450,0.286133,-0.606934,0.797852
51456579450,0.335449,-0.656738,0.738281
51456600494,0.376465,-0.819336,0.517578
51456616289,0.324707,-0.882324,0.390137
51456639402,0.29248,-0.920898,0.384277
51456660456,0.300293,-0.72998,0.478027
51456676369,0.34082,-0.72998,0.626953
51456699412,0.251465,-0.614746,0.770996
51456729396,0.327148,-0.606445,0.745605
51456736244,0.30957,-0.616699,0.711426
51456759488,0.466797,-0.825195,0.479004
51456781986,0.334961,-0.849609,0.432617
51456804361,0.26416,-0.775879,0.49707
51456819585,0.26123,-0.747559,0.626953
51456841950,0.209473,-0.696777,0.750488
51456856277,0.195312,-0.609863,0.785645
51456879420,0.272461,-0.668457,0.747559
51456910587,0.207031,-0.734375,0.695801
51456930674,0.318359,-0.944824,0.467773
51456939427,0.33252,-0.959473,0.449219
51456961977,0.283691,-0.916504,0.462891
51456984492,0.3125,-0.727051,0.523438
51457006974,0.387207,-0.686523,0.592773
51457021979,0.304688,-0.670898,0.696289
51457043014,0.173828,-0.65918,0.749023
51457059448,0.256836,-0.686035,0.680176
51457082023,0.232422,-0.714355,0.722656
51457103040,0.350586,-0.779785,0.581543
51457119450,0.460938,-0.853516,0.469727
51457142019,0.347656,-0.794434,0.547363
51457162965,0.311523,-0.724609,0.660645
51457185727,0.177734,-0.736816,0.757812
51457208040,0.116699,-0.730469,0.724609
51457230661,0.182129,-0.69043,0.759766
51457239493,0.295898,-0.689941,0.711914
51457261970,0.453613,-0.785156,0.543457
51457284524,0.421387,-0.816895,0.433105
51457299443,0.271973,-0.657227,0.525391
51457321984,0.243652,-0.676758,0.553223
51457343654,0.197754,-0.832031,0.679199
51457359392,0.0498047,-0.73877,0.772461
51457381990,0.257324,-0.677246,0.720215
51457410509,0.390137,-0.734863,0.669434
51457419510,0.516113,-0.737305,0.446777
51457442027,0.452148,-0.685547,0.394043
51457463046,0.338379,-0.645508,0.464844
51457487064,0.233398,-0.680664,0.54248
51457501718,0.17627,-0.768555,0.662109
51457523144,0.115723,-0.754395,0.72168
51457538814,0.220703,-0.703125,0.693848
51457561986,0.297363,-0.731934,0.724121
51457583060,0.383301,-0.719238,0.69873
51457598785,0.452637,-0.684082,0.490723
51457636332,0.449707,-0.790527,0.37793
51457643005,0.382324,-0.735352,0.45752
51457667028,0.222656,-0.738281,0.539062
51457689454,0.261719,-0.682617,0.657227
51457711990,0.162598,-0.749023,0.733887
51457720409,0.125,-0.728027,0.764648
51457742024,0.223145,-0.732422,0.788086
51457764456,0.355469,-0.767578,0.62793
51457785570,0.467285,-0.758301,0.457031
51457801952,0.446777,-0.790039,0.503906
51457824527,0.35791,-0.769531,0.562988
51457838848,0.278809,-0.723145,0.54248
51457861964,0.192871,-0.770996,0.625977
51457892000,0.0981445,-0.828613,0.675781
51457912975,0.165039,-0.823242,0.708008
51457921964,0.310547,-0.714355,0.673828
51457944477,0.320312,-0.794434,0.682129
51457967404,0.460449,-0.790039,0.556152
51457982041,0.463867,-0.730957,0.54248
51458004441,0.32373,-0.684082,0.608887
51458025530,0.30957,-0.78125,0.575684
51458041999,0.240234,-0.791992,0.62793
51458065002,0.100098,-0.794434,0.676758
51458085666,0.0585938,-0.725098,0.695312
51458101981,0.154297,-0.748535,0.740234
51458124506,0.314453,-0.819336,0.586914
51458145604,0.382324,-0.72168,0.540527
51458169465,0.333496,-0.655762,0.597656
51458190535,0.159668,-0.703613,0.652344
51458205530,0.414551,-0.720703,0.568848
51458223484,0.51416,-0.682129,0.51709
51458244481,0.192871,-0.680664,0.493164
51458265488,0.162109,-0.938965,0.476562
51458282139,0.333496,-0.793457,0.396484
51458320089,0.322754,-0.865234,0.568359
51458325760,0.356445,-0.796387,0.658691
51458341830,0.539551,-0.869141,0.415039
51458371955,0.438477,-0.72998,0.518555
51458393091,0.321289,-0.597656,0.552734
51458401385,0.34668,-0.649902,0.61377
51458425452,0.148438,-0.776367,0.662598
51458446998,0.0693359,-0.748535,0.67627
51458468034,0.23584,-0.744141,0.59082
51458484484,0.356445,-0.817871,0.763672
51458506968,0.315918,-0.814453,0.777832
51458537461,0.420898,-0.723633,0.599609
51458546063,0.461914,-0.853516,0.406738
51458567407,0.487305,-0.815918,0.396484
51458595618,0.330078,-0.767578,0.413086
51458604482,0.296387,-0.69043,0.486328
51458628834,0.172852,-0.718262,0.591797
51458649518,0.158691,-0.84082,0.671875
51458672011,0.172363,-0.701172,0.717285
51458687010,0.282227,-0.676758,0.763184
51458701355,0.619629,-0.732422,0.450195
51458724482,0.578125,-0.711914,0.449219
51458747085,0.351562,-0.64209,0.54834
51458768054,0.20166,-0.749023,0.59668
51458784508,0.158691,-0.808594,0.663086
51458806970,0.0610352,-0.812012,0.708008
51458828096,0.123535,-0.782715,0.634277
51458859561,0.25293,-0.829102,0.732422
51458874464,0.455078,-0.749512,0.583984
51458888030,0.420898,-0.697266,0.552246
51458904598,0.398926,-0.686523,0.541016
51458926987,0.313477,-0.645508,0.504395
51458949573,0.288086,-0.719727,0.530762
51458963833,0.0668945,-0.801758,0.683594
51458986961,0.0200195,-0.830078,0.645508
51459008147,0.331543,-0.814941,0.569336
51459024290,0.306641,-0.755859,0.722168
51459047122,0.586426,-0.782715,0.429688
51459068112,0.555664,-0.689453,0.492676
51459083812,0.385254,-0.658691,0.522949
51459107006,0.267578,-0.655273,0.560059
51459129508,0.235352,-0.775391,0.632812
51459152036,0.0625,-0.845215,0.656738
51459166990,0.151367,-0.833496,0.628418
51459188079,0.288086,-0.785645,0.647461
51459204615,0.33252,-0.749512,0.617188
51459226980,0.368164,-0.852539,0.47998
51459248224,0.438477,-0.804199,0.413574
51459263836,0.29248,-0.699707,0.494141
51459287009,0.294434,-0.719238,0.498535
51459308143,0.211914,-0.847656,0.634277
51459323836,0.10498,-0.875488,0.748535
51459354510,0.143555,-0.824219,0.730469
51459377019,0.296387,-0.822754,0.692383
51459384478,0.327637,-0.763672,0.655762
51459407122,0.339844,-0.738281,0.513672
51459429482,0.385742,-0.710449,0.458496
51459443873,0.179688,-0.663086,0.560547
51459467038,0.255371,-0.668945,0.5
51459488054,0.310547,-0.76123,0.579102
51459503941,0.192383,-0.805664,0.61084
51459527014,0.208008,-0.774902,0.60791
51459557165,0.282715,-0.816895,0.662598
51459570603,0.26123,-0.830078,0.647461
51459587036,0.298828,-0.747559,0.571777
51459609499,0.312988,-0.673828,0.594238
51459630619,0.299805,-0.628418,0.561523
51459647173,0.145996,-0.724121,0.609863
51459669544,0.104004,-0.79248,0.633301
51459690597,0.15625,-0.867676,0.666504
51459707008,0.200684,-0.856445,0.644531
51459729534,0.278809,-0.811523,0.663574
51459758251,0.334473,-0.839355,0.727051
51459767029,0.443359,-0.681152,0.569824
51459789529,0.375977,-0.659668,0.531738
51459810634,0.28418,-0.660645,0.493164
51459833082,0.206055,-0.754395,0.519531
51459850619,0.15918,-0.832031,0.592285
51459870674,0.0874023,-0.874023,0.618164
51459887026,0.181152,-0.851074,0.623535
51459909530,0.294922,-0.713867,0.643066
51459932033,0.345215,-0.667969,0.63916
51459947033,0.482422,-0.819824,0.394531
51459969546,0.380859,-0.795898,0.458008
51459990595,0.266602,-0.751465,0.47168
51460007091,0.120117,-0.806152,0.582031
51460036986,-0.00292969,-0.780273,0.602051
51460058255,0.131836,-0.776367,0.646973
51460067025,0.287109,-0.800781,0.595215
51460089538,0.278809,-0.739258,0.602051
51460112072,0.438965,-0.824219,0.497559
51460127083,0.485352,-0.728516,0.480957
51460149517,0.269043,-0.708496,0.546387
51460170737,0.245605,-0.808105,0.599121
51460187013,0.174805,-0.806641,0.71582
51460210073,0.136719,-0.753418,0.779785
51460238078,0.251953,-0.771484,0.705566
51460247998,0.27002,-0.826172,0.705566
51460269580,0.382324,-0.710938,0.621094
51460290582,0.311035,-0.760254,0.54834
51460314591,0.375,-0.834473,0.339844
51460335586,0.304688,-0.804688,0.383789
51460350570,0.237305,-0.750488,0.437012
51460366391,0.212402,-0.765625,0.435547
51460389550,0.224121,-0.835449,0.513184
51460410709,0.165527,-0.895508,0.695312
51460426478,0.184082,-0.84375,0.774414
51460450640,0.263672,-0.825684,0.771484
51460471804,0.319824,-0.721191,0.791992
51460493078,0.351074,-0.668945,0.607422
51460509552,0.347168,-0.633789,0.530273
51460539569,0.276367,-0.736816,0.487305
51460546398,0.121582,-0.79248,0.502441
51460569597,0.0375977,-0.809082,0.582031
51460592090,0.109375,-0.918457,0.598145
51460614602,0.244141,-0.978516,0.658203
51460629554,0.286133,-0.907715,0.702637
51460652093,0.289551,-0.722168,0.791504
51460673358,0.401855,-0.64502,0.570312
51460689544,0.348145,-0.527832,0.500977
51460712094,0.179688,-0.529785,0.540527
51460740636,0.0180664,-0.682129,0.54541
51460750554,0.161133,-0.857422,0.529297
51460772074,0.200195,-0.937012,0.668945
51460794587,0.210938,-0.942871,0.688477
51460817028,0.330566,-0.903809,0.766113
51460839607,0.234863,-0.754883,0.844238
51460856638,0.375488,-0.76416,0.596191
51460869031,0.424805,-0.60791,0.503906
51460892099,0.239258,-0.571777,0.520996
51460913291,0.146484,-0.626465,0.541504
51460928939,0.195801,-0.75,0.480957
51460952006,0.0771484,-0.793457,0.563477
51460973155,0.225586,-0.860352,0.560059
51460989549,0.297852,-0.845215,0.670898
51461019585,0.331055,-0.766602,0.670898
51461040674,0.422852,-0.674316,0.538086
51461049577,0.23291,-0.696289,0.666504
51461072074,0.136719,-0.73877,0.724121
51461100709,0.205078,-0.69043,0.683594
51461117107,0.312012,-0.8125,0.6875
51461132588,0.3125,-0.90625,0.63916
51461153099,0.227051,-0.82959,0.703613
51461169575,0.248047,-0.763672,0.683594
51461192149,0.302734,-0.586426,0.714355
51461213161,0.594727,-0.65918,0.375488
51461229659,0.445801,-0.648926,0.435059
51461252033,0.158203,-0.669434,0.547363
51461274661,0.198242,-0.779297,0.588379
51461297047,0.235352,-0.820312,0.700684
51461319596,0.294922,-0.708984,0.69043
51461333150,0.300293,-0.686523,0.72998
51461357054,0.36377,-0.588379,0.668457
51461372060,0.20752,-0.663086,0.712402
51461394596,0.253906,-0.811523,0.61084
51461408984,0.208984,-0.814453,0.654785
51461432086,0.266602,-0.827637,0.532715
51461463055,0.322754,-0.84375,0.532227
51461468956,0.350098,-0.845215,0.516602
51461498150,0.325195,-0.741211,0.550293
51461522076,0.316406,-0.67041,0.542969
51461528990,0.289062,-0.689941,0.555176
51461552041,0.29834,-0.618164,0.513184
51461574575,0.275391,-0.667969,0.55957
51461597080,0.10498,-0.779785,0.697754
51461612042,0.211426,-0.679688,0.695801
51461634609,0.347168,-0.647949,0.595703
51461649021,0.355957,-0.560547,0.584473
51461672128,0.473145,-0.720703,0.75293
51461702082,0.49707,-0.691406,0.715332
51461716325,0.583008,-0.664551,0.617188
51461732085,0.451172,-0.855469,0.643066
51461754605,0.481934,-0.803223,0.463379
51461777148,0.461426,-0.648438,0.479004
51461799574,0.340332,-0.697266,0.530762
51461814583,0.0209961,-0.766113,0.770996
51461837059,-0.0512695,-0.779297,0.867676
51461851426,0.193359,-0.731445,0.796875
51461874583,0.40625,-0.699707,0.824707
51461895635,0.587402,-0.866211,0.394043
51461912050,0.390137,-1.01807,0.358398
51461934717,0.279297,-0.897949,0.295898
51461955632,0.261719,-0.666504,0.418457
51461979751,0.0786133,-0.734375,0.615234
51462002127,-0.100098,-0.660645,0.670898
51462015679,0.0605469,-0.586426,0.719238
51462032093,0.369141,-0.58252,0.73877
51462055030,0.335449,-0.87793,0.53418
51462077102,0.486328,-1.00879,0.22998
51462092107,0.387207,-0.975098,0.391602
51462114647,0.271484,-0.828613,0.561035
51462135838,0.241699,-0.795898,0.773926
51462152147,0.178711,-0.649902,0.898438
51462182203,0.229004,-0.558594,0.88623
51462203189,0.429199,-0.420898,0.756348
51462227200,0.606934,-0.952637,0.319824
51462234605,0.341797,-1.06055,0.285156
51462257203,0.116211,-0.928711,0.415039
51462279636,0.209961,-0.754883,0.605957
51462294680,0.27002,-0.758789,0.678711
51462315674,0.220703,-0.599121,0.787598
51462339679,0.45752,-0.489258,0.737793
51462354622,0.624023,-0.791992,0.45752
51462377103,0.277832,-0.860352,0.509277
51462391457,0.0400391,-0.875977,0.599121
51462414368,0.0332031,-0.770508,0.744629
51462437133,0.173828,-0.735352,0.726074
51462459576,0.356934,-0.65332,0.738281
51462482205,0.387207,-0.608398,0.638672
51462497160,0.628906,-0.858398,0.19873
51462511470,0.378906,-0.884766,0.336914
51462534674,0.214355,-0.875,0.458984
51462557159,0.155273,-0.74707,0.638672
51462571456,0.175781,-0.633301,0.741211
51462594699,0.335449,-0.645508,0.678223
51462617064,0.427246,-0.545898,0.701172
51462638243,0.400391,-0.689941,0.549805
51462654646,0.409668,-0.820801,0.404785
51462677559,0.302246,-0.908691,0.449219
51462698312,0.250488,-0.806152,0.62207
51462714652,0.148926,-0.6875,0.753906
51462737188,0.268066,-0.625,0.786133
51462759620,0.409668,-0.66748,0.796387
51462775545,0.287109,-0.723633,0.736816
51462797153,0.148926,-0.730469,0.773926
51462818204,0.275879,-0.772949,0.603516
51462834725,0.336426,-0.801758,0.522461
51462857800,0.444336,-0.811523,0.327148
51462885734,0.241211,-0.811523,0.519043
51462894688,0.0952148,-0.724121,0.716309
51462917123,-0.050293,-0.599609,0.848633
51462938409,0.184082,-0.562988,0.811523
51462954768,0.356445,-0.543457,0.92041
51462978785,0.67334,-0.694824,0.389648
51462998195,0.568848,-0.823242,0.260254
51463014685,0.179199,-0.785156,0.454102
51463037151,0.0429688,-0.666504,0.577148
51463059678,0.114258,-0.600586,0.663086
51463074659,0.118164,-0.635254,0.795898
51463097149,0.0180664,-0.642578,0.912109
51463118220,0.115234,-0.549805,0.911621
51463134592,0.311523,-0.462402,0.976562
51463164644,0.418457,-0.692383,0.686523
51463178562,0.563477,-0.981445,0.182617
51463200781,0.302734,-0.935059,0.412598
51463217179,0.090332,-0.821777,0.543457
51463239702,0.180664,-0.70166,0.654785
51463262184,0.27002,-0.647461,0.736816
51463277147,0.0620117,-0.652832,0.871094
51463298244,0.0283203,-0.517578,0.886719
51463314014,0.257324,-0.436035,0.860352
51463337112,0.271973,-0.678711,0.738281
51463367132,0.505859,-0.969238,0.335938
51463373978,0.333496,-0.838379,0.438477
51463397215,0.196289,-0.784668,0.584473
51463419623,0.158691,-0.837402,0.672852
51463442141,0.138672,-0.771973,0.80127
51463464665,0.0908203,-0.680176,0.870605
51463479661,0.196777,-0.555664,0.816406
51463500818,0.355469,-0.443359,0.877441
51463517216,0.418457,-0.70459,0.591797
51463539787,0.476562,-0.83252,0.474121
51463560981,0.245605,-0.712891,0.558594
51463577179,0.145996,-0.695312,0.616699
51463599696,0.17627,-0.771973,0.699707
51463620728,0.150879,-0.68457,0.739258
51463644667,0.157715,-0.629883,0.767578
51463667134,0.105957,-0.573242,0.789551
51463680698,0.22168,-0.609863,0.759766
51463697221,0.385742,-0.830078,0.433105
51463719741,0.32959,-0.866211,0.412109
51463742111,0.196777,-0.812012,0.519043
51463757191,0.0830078,-0.752441,0.696289
51463779654,0.103516,-0.731445,0.746582
51463800759,0.0571289,-0.658203,0.870117
51463817216,0.0966797,-0.641602,0.851562
51463847202,0.273438,-0.532715,0.931641
51463868247,0.472656,-0.571777,0.670898
51463877162,0.441406,-0.908203,0.380859
51463899655,0.297363,-0.977539,0.330566
51463920847,0.183105,-0.85791,0.506836
51463944638,0.114258,-0.660645,0.618164
51463959737,0.217773,-0.633301,0.66748
51463980757,0.224121,-0.597168,0.785156
51463997612,0.217773,-0.602051,0.777832
51464019733,0.236816,-0.604004,0.801758
51464040692,0.253418,-0.651367,0.791992
51464080205,0.359863,-0.736816,0.557129
51464082609,0.288574,-0.812988,0.583984
51464100762,0.290039,-0.810547,0.508789
51464124659,0.273438,-0.712402,0.538086
51464147211,0.374023,-0.780273,0.595703
51464168246,0.468262,-0.867676,0.444824
51464176527,0.194336,-0.710449,0.67627
51464199816,0.21875,-0.660156,0.621094
51464220761,0.119141,-0.624512,0.778809
51464236469,0.10498,-0.616211,0.840332
51464259688,0.316406,-0.49707,0.806152
51464280800,0.49707,-0.741211,0.426758
51464297254,0.59668,-0.893555,0.435547
51464319750,0.121094,-0.876465,0.654785
51464349691,0.15625,-0.803711,0.688477
51464356556,0.207031,-0.663086,0.767578
51464379701,0.14502,-0.730469,0.836914
51464402179,0.0473633,-0.623535,0.989258
51464424722,0.241699,-0.475586,0.875
51464447137,0.196777,-0.493652,0.780762
51464462241,0.350098,-0.804199,0.502441
51464476623,0.306641,-0.818359,0.464355
51464499719,0.090332,-0.80957,0.572266
51464522278,0.292969,-0.895996,0.630859
51464543192,0.195801,-0.749023,0.734863
51464559683,0.14502,-0.63916,0.844727
51464582209,0.122559,-0.435547,0.958984
51464603244,0.37793,-0.366699,0.840332
51464627243,0.627441,-0.567383,0.296875
51464642206,0.336914,-0.794922,0.441406
51464663444,0.140137,-0.849609,0.454102
51464679745,0.0922852,-0.67627,0.594238
51464702159,0.307129,-0.783203,0.567871
51464724774,0.501953,-0.841797,0.566895
51464739714,0.435547,-0.72998,0.588867
51464762133,0.325684,-0.58252,0.576172
51464790776,0.310547,-0.623047,0.658203
51464799786,0.0283203,-0.651855,0.722168
51464829804,0.103516,-0.674316,0.767578
51464850789,0.189453,-0.662598,0.737305
51464859680,0.166016,-0.67627,0.708496
51464889688,0.338379,-0.537598,0.638184
51464905565,0.447266,-0.367188,0.703613
51464919847,0.50293,-0.622559,0.508789
51464942003,0.520996,-0.847168,0.67334
51464963383,0.480957,-0.863281,0.697266
51464980207,0.317383,-0.891602,0.592285
51465003587,0.350586,-0.737305,0.600098
51465030790,0.323242,-0.654297,0.601074
51465039826,0.288086,-0.722656,0.637207
51465069710,0.120117,-0.77832,0.779785
51465083285,-0.0751953,-0.659668,0.872559
51465099751,0.0200195,-0.641113,0.776855
51465128285,0.314941,-0.637695,0.695312
51465143353,0.347168,-0.929688,0.694336
51465165750,0.424805,-1.32617,0.3125
51465182218,0.279785,-0.993164,0.458008
51465206729,0.362305,-0.57666,0.433594
51465219070,0.413086,-0.507812,0.537598
51465242292,0.214844,-0.672852,0.649414
51465264665,-0.0332031,-0.709961,0.787109
51465279090,0.0180664,-0.639648,0.774414
51465308251,0.193359,-0.664551,0.664062
51465332225,0.352051,-0.672363,0.494141
51465339073,0.616699,-1.00781,0.180664
51465362199,0.414551,-1.09863,0.396973
51465401070,0.213867,-0.897461,0.687012
51465405809,0.183105,-0.376465,0.711426
51465422217,0.172852,-0.498535,0.814453
51465444793,0.124512,-0.712402,0.838379
51465465536,0.312988,-0.697266,0.86084
51465482275,0.524902,-0.609375,0.561523
51465504566,0.437988,-0.933594,0.226562
51465533279,0.308105,-1.18311,0.223633
51465542220,0.239258,-1.01074,0.467773
51465564732,0.220215,-0.601074,0.650879
51465611436,0.223633,-0.473633,0.674316
51465615290,0.198242,-0.539551,0.73291
51465624701,0.15918,-0.651855,0.772461
51465645771,0.150391,-0.666016,0.776367
51465662217,0.317383,-0.631836,0.723145
51465685391,0.489746,-0.82666,0.358398
51465705754,0.407227,-1.15723,0.231934
51465722218,0.299316,-1.0376,0.387207
51465750778,0.169922,-0.793457,0.67041
51465765776,0.203125,-0.522949,0.678223
51465789745,0.171387,-0.603027,0.754883
51465818956,0.152344,-0.662598,0.850586
51465833285,0.225098,-0.717285,0.797363
51465842289,0.353516,-0.686035,0.67334
51465864713,0.303223,-0.797852,0.541504
51465887294,0.362305,-1.01562,0.275391
51465902261,0.408203,-0.949707,0.294434
51465924719,0.30127,-0.839355,0.470703
51465945773,0.167969,-0.697754,0.68457
51465962279,0.163574,-0.556641,0.716797
51465984729,0.151855,-0.644043,0.769043
51466014869,0.217773,-0.727539,0.788086
51466023075,0.327148,-0.703613,0.714844
51466044760,0.337891,-0.806152,0.626465
51466067245,0.383301,-0.910156,0.412598
51466088337,0.41748,-0.925781,0.303711
51466112347,0.302734,-0.860352,0.414062
51466125767,0.222656,-0.775879,0.550293
51466141597,0.231934,-0.687988,0.644043
51466164703,0.166016,-0.604492,0.662598
51466187310,0.151367,-0.722168,0.660156
51466201614,0.174805,-0.766113,0.690918
51466224780,0.225586,-0.782227,0.686523
51466247310,0.266602,-0.781738,0.62207
51466261570,0.341797,-0.880371,0.516602
51466292277,0.417969,-0.928711,0.387695
51466314782,0.37793,-0.811523,0.419434
51466328327,0.125977,-0.854004,0.588379
51466344781,0.0976562,-0.724121,0.669434
51466367227,0.0483398,-0.670898,0.713867
51466389793,0.144043,-0.732422,0.743652
51466404790,0.314453,-0.820312,0.722656
51466427284,0.442383,-0.768066,0.682129
51466448444,0.494629,-0.723633,0.393066
51466464745,0.475098,-0.820312,0.306641
51466487375,0.384766,-0.876953,0.316895
51466515817,0.20166,-0.811523,0.49707
51466524713,0.223633,-0.63916,0.583496
51466547325,0.255859,-0.641602,0.602539
51466569769,0.235352,-0.70459,0.716797
51466592308,0.246582,-0.779785,0.773438
51466607279,0.250488,-0.788086,0.772949
51466628314,0.311035,-0.755371,0.635742
51466644801,0.302734,-0.791016,0.528809
51466667254,0.289062,-0.870117,0.521973
51466697359,0.250488,-0.862305,0.578125
51466704761,0.194824,-0.796875,0.587402
51466733425,0.249023,-0.783203,0.550293
51466748534,0.296387,-0.780273,0.518555
51466772707,0.293945,-0.782227,0.474609
51466794830,0.274902,-0.827148,0.501465
51466808340,0.259766,-0.832031,0.541016
51466825721,0.221191,-0.800293,0.595703
51466847355,0.172363,-0.779785,0.621582
51466869723,0.164062,-0.783691,0.607422
51466884767,0.242676,-0.782715,0.535645
51466907317,0.282227,-0.763184,0.48877
51466929246,0.160645,-0.78418,0.640137
51466944898,0.14502,-0.71582,0.718262
51466967294,0.221191,-0.706543,0.750977
51466995966,0.229004,-0.776855,0.744629
51467004133,0.205566,-0.836914,0.740234
51467028247,0.200684,-0.82373,0.770996
51467048525,0.364258,-0.753906,0.744141
51467070814,0.588379,-0.691895,0.401855
51467087233,0.436035,-0.756836,0.314453
51467108410,0.247559,-0.883789,0.368652
51467124121,0.145508,-0.82373,0.456055
51467147305,0.140625,-0.692871,0.581543
51467175788,0.206543,-0.734375,0.623047
51467184114,0.208984,-0.719727,0.688965
51467207254,0.228516,-0.784668,0.751465
51467231533,0.281738,-0.70752,0.749512
51467252496,0.308594,-0.62793,0.598145
51467267069,0.276367,-0.710938,0.467285
51467289845,0.26709,-0.820312,0.412598
51467310888,0.151855,-0.803223,0.499512
51467350207,0.0371094,-0.689941,0.617188
51467357312,0.0668945,-0.665527,0.720215
51467370868,0.177246,-0.769043,0.775879
51467387299,0.274902,-0.811523,0.86377
51467409784,0.689941,-0.826172,0.268066
51467430881,0.438965,-0.724121,0.501465
51467447395,-0.0112305,-0.686523,0.679688
51467475836,0.0922852,-0.823242,0.717285
51467498514,0.222168,-0.80957,0.835449
51467507298,0.0507812,-0.754395,0.829102
51467529797,0.0522461,-0.694336,0.76709
51467568622,0.0751953,-0.73877,0.796387
51467573370,0.179199,-0.728516,0.663574
51467589811,0.316406,-0.645996,0.507324
51467611012,0.535156,-0.844727,0.211426
51467627302,0.449707,-1.12793,0.125
51467649843,0.281738,-1.10254,0.295898
51467670887,0.241699,-0.809082,0.513184
51467687327,0.314941,-0.468262,0.508789
51467709785,0.304199,-0.691895,0.609375
51467730893,0.148926,-0.740234,0.736328
51467754871,0.23877,-0.652832,0.776855
51467769800,0.249023,-0.634277,0.79541
51467792341,0.171387,-0.718262,0.67334
51467806734,0.324707,-0.821289,0.4375
51467829785,0.529785,-1.00732,0.194336
51467850955,0.373047,-1.11963,0.231445
51467867341,0.247559,-1.12744,0.392578
51467889816,0.345703,-0.6875,0.519043
51467912349,0.341797,-0.527832,0.606934
51467927301,0.227051,-0.660645,0.688477
51467957326,0.143066,-0.708984,0.780273
51467978349,0.287109,-0.732422,0.844238
51467986609,0.265137,-0.779785,0.822754
51468009806,0.226074,-0.762695,0.564453
51468039852,0.333984,-1.02881,0.307617
51468054929,0.438965,-1.11572,0.244141
51468069828,0.334473,-1.02539,0.367676
51468092308,0.233887,-0.59375,0.555176
51468106698,0.0849609,-0.529297,0.65332
51468129809,0.0844727,-0.655273,0.710938
51468159834,0.140137,-0.679199,0.787598
51468166737,0.196777,-0.586914,0.743652
51468189812,0.167969,-0.665527,0.686035
51468218365,0.264648,-0.811035,0.482422
51468234848,0.520508,-1.02539,0.337891
51468257338,0.558105,-1.07471,0.121582
51468272353,0.274902,-0.953125,0.383301
51468293350,0.236816,-0.76416,0.5625
51468309853,0.226074,-0.653809,0.677734
51468332326,0.185059,-0.690918,0.720215
51468360924,0.231934,-0.617676,0.727051
51468369874,0.169922,-0.729004,0.806641
51468392341,0.118652,-0.855469,0.710449
51468413558,0.264648,-0.887695,0.62793
51468430285,0.308594,-0.816895,0.535156
51468458431,0.282227,-0.777344,0.480957
51468474879,0.275391,-0.821289,0.445801
51468489830,0.308105,-0.85498,0.457031
51468512368,0.34082,-0.841309,0.49707
51468533395,0.348145,-0.79541,0.51416
51468550612,0.345703,-0.757812,0.544434
51468572413,0.37793,-0.746582,0.553711
51468593404,0.412109,-0.772461,0.565918
51468609849,0.458008,-0.842285,0.499023
51468635165,0.371094,-0.826172,0.518066
51468647762,0.266602,-0.827148,0.583984
51468661686,0.109375,-0.756348,0.693359
51468684878,-0.00244141,-0.647949,0.668945
51468705878,0.600586,-0.440918,0.375488
51468721695,0.853516,-0.564453,1.36475
51468744839,0.493164,-0.887207,-0.564453
51468765896,-0.168945,-1.229,0.467773
51468781647,0.728027,-0.927246,0.966797
51468812376,0.768066,-0.480957,0.0415039
51468825970,-0.271484,-0.771484,0.107422
51468841690,0.447754,-0.515625,0.467285
51468864908,0.114258,-0.543945,0.729004
51468885961,0.141602,-0.509277,0.76416
51468901672,0.180664,-0.682129,0.878906
51468924868,0.414062,-0.728027,0.458984
51468945922,0.57666,-1.01807,0.179199
51468961776,0.60498,-1.21289,0.478027
51468992322,0.414062,-0.782715,-0.133789
51469006232,0.732422,-0.520996,0.518555
51469023434,0.235352,-0.638184,0.678711
51469044855,0.177246,-0.664551,0.800293
51469067378,0.0219727,-0.63623,0.825684
51469081755,0.177734,-0.543457,0.817871
51469104175,0.172363,-0.675293,0.779297
51469126066,0.260254,-0.933594,0.39502
51469149859,0.394531,-1.15381,0.217285
51469164207,0.356934,-0.990723,0.395996
51469186023,0.185547,-0.864258,0.54248
51469201719,0.310547,-0.73291,0.650391
51469224196,0.249023,-0.687012,0.736816
51469245932,0.0703125,-0.711914,0.788086
51469262659,0.166016,-0.534668,0.84082
51469290916,0.166016,-0.583984,0.82959
51469307396,0.276855,-0.687012,0.476562
51469321881,0.441895,-1.01807,0.171875
51469344240,0.321777,-1.23633,0.217773
51469367361,0.229492,-1.05273,0.339844
51469381710,0.257812,-0.706543,0.500488
51469418476,0.320801,-0.634766,0.532227
51469443717,0.276367,-0.708496,0.594727
51469448404,0.235352,-0.750977,0.627441
51469465460,0.25293,-0.791504,0.654297
51469494838,0.237793,-0.717285,0.636719
51469508368,0.228516,-0.742676,0.622559
51469532347,0.13623,-0.849609,0.67627
51469554813,0.212402,-0.859375,0.600098
51469575917,0.231445,-0.847656,0.571777
51469592452,0.182129,-0.837891,0.578613
51469622360,0.097168,-0.835449,0.649414
51469643488,0.118652,-0.79248,0.652832
51469652343,0.268066,-0.723145,0.652832
51469674884,0.430664,-0.833496,0.436523
51469697351,0.453125,-1.05322,0.322266
51469712367,0.370605,-0.956543,0.385742
51469734917,0.314453,-0.841797,0.576172
51469755916,0.301758,-0.655273,0.628418
51469772311,0.204102,-0.666504,0.76123
51469794993,0.161133,-0.632812,0.800293
51469823389,0.238281,-0.620117,0.700195
51469831754,0.313477,-0.67627,0.69873
51469862368,0.224609,-0.858398,0.583008
51469877154,0.307129,-0.941895,0.408691
51469899884,0.21582,-0.851562,0.524414
51469922315,0.204102,-0.768066,0.521484
51469937399,0.164551,-0.789551,0.561523
51469959895,0.160156,-0.790527,0.579102
51469974893,0.229004,-0.783691,0.623047
51469997437,0.259277,-0.725586,0.632324
51470002750,0.251465,-0.69043,0.618652
51470028204,0.274902,-0.660156,0.575684
51470049589,0.230469,-0.682617,0.633789
51470063438,0.26416,-0.691406,0.599121
51470077794,0.280273,-0.698242,0.589844
51470101718,0.212891,-0.756348,0.638184
51470123503,0.257812,-0.738281,0.663574
51470138027,0.205566,-0.67334,0.710938
51470160305,0.294922,-0.626465,0.688477
51470183617,0.333008,-0.610352,0.749512
51470198004,0.523438,-0.793945,0.435547
51470220285,0.412598,-0.826172,0.475586
51470251662,0.219238,-0.856934,0.532227
51470257793,0.183105,-0.747559,0.609375
51470280328,0.166016,-0.641602,0.669922
51470303506,0.208008,-0.623535,0.667969
51470317763,0.302734,-0.666504,0.661621
51470340461,0.33252,-0.680176,0.734375
51470363470,0.467773,-0.780762,0.486816
51470386132,0.540039,-0.852539,0.310059
51470400417,0.42334,-0.862793,0.411133
51470422801,0.218262,-0.891113,0.586426
51470455551,0.0952148,-0.681641,0.702637
51470460299,0.0551758,-0.69043,0.776855
51470483432,0.189453,-0.615234,0.693848
51470506221,0.269531,-0.608887,0.838379
51470529160,0.285156,-0.66748,0.783203
51470542861,0.436035,-0.881348,0.434082
51470566435,0.310547,-0.908691,0.394043
51470581763,0.081543,-0.827148,0.561035
51470602850,0.128906,-0.761719,0.634277
51470625991,0.142578,-0.734375,0.753906
51470640330,0.125488,-0.668457,0.822754
51470662789,0.129883,-0.604492,0.854004
51470685998,0.157227,-0.601074,0.939453
51470709023,0.277832,-0.616699,0.750977
51470722781,0.401855,-0.729492,0.411133
51470754314,0.313477,-0.830566,0.416992
51470760370,0.13916,-0.894531,0.499512
51470782752,0.147461,-0.862793,0.626953
51470806609,0.166992,-0.709961,0.706543
51470820315,0.172363,-0.634277,0.802734
51470842881,0.196777,-0.565918,0.806152
51470866016,0.222168,-0.652344,0.934082
51470881035,0.446777,-0.63623,0.59375
51470902878,0.442383,-0.78418,0.343262
51470925310,0.299805,-0.897461,0.288086
51470940543,0.265137,-0.897949,0.429199
51470962874,0.255371,-0.775391,0.577637
51470985280,0.268066,-0.672363,0.702148
51471001767,0.320801,-0.54541,0.732422
51471031915,0.23291,-0.518066,0.874023
51471045332,0.148438,-0.546875,0.874023
51471063235,0.249512,-0.518066,0.842285
51471082818,0.399902,-0.608398,0.566406
51471105399,0.321289,-0.815918,0.483887
51471121760,0.347656,-0.8125,0.461914
51471142777,0.338379,-0.771484,0.543945
51471165306,0.264648,-0.791992,0.665039
51471181736,0.263184,-0.717773,0.714844
51471210410,0.339844,-0.682617,0.794922
51471233470,0.291504,-0.663086,0.799316
51471241810,0.312012,-0.626953,0.741699
51471263038,0.413574,-0.694824,0.464844
51471290583,0.342773,-0.654785,0.531738
51471301760,0.360352,-0.75293,0.510254
51471322835,0.436035,-0.724121,0.55957
51471345259,0.289551,-0.768066,0.671387
51471363265,0.12207,-0.724121,0.71582
51471386713,0.230957,-0.728027,0.774414
51471405538,0.32666,-0.740234,0.764648
51471423235,0.257812,-0.816895,0.746582
51471442766,0.399902,-0.668945,0.458984
51471465375,0.297852,-0.695312,0.419922
51471492335,0.265137,-0.730469,0.500977
51471510350,0.273438,-0.762207,0.538086
51471525360,0.222168,-0.750977,0.647949
51471543235,0.0869141,-0.69043,0.757324
51471565962,0.143066,-0.675293,0.747559
51471588236,0.3125,-0.726074,0.780273
51471607902,0.278809,-0.804688,0.770508
51471622897,0.32959,-0.695312,0.646484
51471645328,0.473633,-0.679199,0.381348
51471667839,0.452637,-0.75,0.386719
51471690344,0.435547,-0.810059,0.398926
51471713067,0.28418,-0.773438,0.562988
51471727824,0.115723,-0.752441,0.67041
51471742800,0.0913086,-0.719727,0.681152
51471768346,0.182129,-0.784668,0.771484
51471790725,0.236328,-0.79834,0.716309
51471802870,0.233887,-0.839355,0.733887
51471825376,0.4375,-0.670898,0.444824
51471847825,0.388184,-0.755859,0.398926
51471862935,0.243652,-0.802246,0.504883
51471892872,0.288574,-0.802734,0.579102
51471916097,0.145996,-0.730957,0.785156
51471924375,0.120117,-0.708008,0.735352
51471945361,0.316406,-0.682129,0.724121
51471970907,0.33252,-0.811035,0.746582
51471990312,0.358398,-0.798828,0.55127
51472005485,0.51123,-0.799805,0.394531
51472027892,0.380371,-0.868164,0.473633
51472045730,0.23877,-0.774902,0.560547
51472075924,0.235352,-0.667969,0.696777
51472087831,0.13623,-0.624023,0.761719
51472102797,0.129883,-0.644531,0.821289
51472125549,0.145996,-0.65625,0.824219
51472147818,0.242188,-0.774414,0.749512
51472170498,0.450684,-0.83252,0.44043
51472192850,0.341309,-0.967773,0.451172
51472216133,0.324707,-0.978027,0.362305
51472224327,0.333496,-0.881348,0.467773
51472248235,0.356934,-0.794922,0.489258
51472270918,0.259277,-0.82666,0.580078
51472284296,0.232422,-0.711914,0.724121
51472305295,0.308105,-0.660156,0.669434
51472327903,0.183105,-0.606934,0.701172
51472345777,0.23291,-0.606934,0.72168
51472365360,0.324219,-0.604492,0.680176
51472395381,0.278809,-0.611816,0.677734
51472405934,0.289062,-0.669434,0.537598
51472425520,0.307129,-0.642578,0.514648
51472450760,0.401367,-0.666992,0.452637
51472465968,0.433105,-0.775879,0.468262
51472485401,0.337891,-0.816406,0.572266
51472512807,0.106445,-0.682129,0.671387
51472525763,0.0649414,-0.554688,0.75
51472545317,0.439453,-0.85791,0.907227
51472567959,0.902832,-1.13965,0.574219
51472585782,0.384277,-1.12402,0.802246
51472605369,0.0742188,-0.70459,0.163086
51472627943,0.845215,-0.600098,0.608887
51472645793,-0.0908203,-0.960449,0.898438
51472665368,0.310547,-0.610352,0.148926
51472695419,0.604492,-0.655762,0.988281
51472705761,-0.458008,-0.73877,1.03467
51472732901,0.393555,-0.364258,0.347168
51472750725,0.890625,-0.867188,0.768066
51472765916,0.117188,-1.07471,0.460449
51472785450,0.51123,-0.602051,-0.043457
51472807873,0.548828,-0.902832,0.964844
51472830474,0.350586,-0.888672,0.826172
51472845442,0.476074,-0.743164,0.720703
51472867877,0.175781,-0.664551,0.851562
51472899208,0.152832,-0.608887,0.972168
51472905319,0.285645,-0.641113,0.98291
51472927898,0.293457,-0.576172,0.691406
51472950422,0.20166,-0.592773,0.52832
51472974407,0.446289,-0.796875,0.25
51472988091,0.579102,-0.92334,0.257324
51473010377,0.392578,-1.0249,0.420898
51473028406,0.319824,-0.819824,0.52832
51473047917,0.45459,-0.70752,0.588379
51473078337,0.365723,-0.677246,0.692871
51473088453,0.144043,-0.724609,0.864746
51473109274,0.148438,-0.525879,0.899414
51473130547,0.294434,-0.671387,0.72168
51473152927,0.441406,-0.802734,0.467285
51473175637,0.353516,-0.851562,0.447754
51473190565,0.269531,-0.779785,0.552246
51473208301,0.209961,-0.829102,0.661133
51473227817,0.187988,-0.743652,0.680664
51473253320,0.287598,-0.585938,0.753906
51473265366,0.193848,-0.604492,0.814941
51473288083,0.208496,-0.494141,0.802734
51473310359,0.375977,-0.332031,0.651855
51473328375,0.527344,-0.458984,0.440918
51473355360,0.42334,-0.599121,0.413574
51473378588,0.433105,-0.807617,0.350586
51473386807,0.352539,-0.913574,0.490234
51473407885,0.131348,-0.782715,0.687988
51473433401,0.331055,-0.660645,0.760742
51473454325,0.354492,-0.660645,0.841797
51473467920,0.151855,-0.636719,0.888184
51473493349,0.246094,-0.578613,0.914062
51473508319,0.511719,-0.58252,0.506836
51473530863,0.445801,-0.746094,0.438965
51473558600,0.225586,-0.822754,0.541016
51473566847,0.234863,-0.850586,0.640137
51473588023,0.30127,-0.781738,0.741211
51473610404,0.303711,-0.597168,0.841309
51473634407,0.382812,-0.560059,0.818359
51473648005,0.374512,-0.618652,0.760254
51473670392,0.663574,-0.48291,0.475586
51473686913,0.366699,-0.640137,0.490234
51473709373,0.180176,-0.715332,0.543457
51473731866,0.30957,-0.73877,0.692871
51473748468,0.210449,-0.650879,0.819336
51473767879,0.398926,-0.596191,0.825684
51473790509,0.319824,-0.595703,0.95459
51473808298,0.512695,-0.523438,0.691406
51473829354,0.583008,-0.827637,0.373047
51473854022,0.435059,-1.07031,0.333496
51473868316,0.349609,-0.901855,0.391113
51473887911,0.270508,-0.603516,0.57373
51473913357,0.268066,-0.616699,0.647949
51473935974,0.361328,-0.60498,0.631836
51473948057,0.332031,-0.530273,0.736816
51473970360,0.297852,-0.525879,0.758789
51473988281,0.251465,-0.586914,0.798828
51474010915,0.257324,-0.679199,0.78418
51474031302,0.34375,-0.693848,0.601562
51474061707,0.368652,-0.720215,0.570312
51474067916,0.354492,-0.852051,0.576172
51474090592,0.360352,-0.742188,0.661621
51474115873,0.597656,-0.936523,0.505371
51474127973,0.563965,-0.999512,0.563965
51474150584,0.307129,-0.740723,0.694824
51474172874,0.145996,-0.468262,0.779297
51474191023,0.251465,-0.493652,0.825195
51474217990,0.111816,-0.36377,0.895508
51474233104,0.0830078,-0.370117,0.947266
51474248084,0.272461,-0.571777,0.665039
51474270437,0.177246,-0.634766,0.635254
51474292960,0.244141,-0.658203,0.522949
51474307895,0.333984,-0.733887,0.501465
51474337993,0.270508,-0.783691,0.603516
51474361279,0.0205078,-0.372559,0.70459
51474369400,0.302734,-0.40332,0.655762
51474393341,0.453613,-0.524414,0.549805
51474423959,0.558105,-0.576172,0.487793
51474437055,0.484375,-0.516602,0.618652
51474450590,0.472656,-0.696777,0.683594
51474472898,0.550293,-0.764648,0.723145
51474490808,0.550781,-0.763672,0.837891
51474513415,0.230469,-0.981934,0.984863
51474541017,0.402344,-0.833984,0.722656
51474549428,0.355469,-0.522461,0.61084
51474570410,0.0864258,-0.612793,0.639648
51474593040,0.125488,-0.776855,0.743164
51474609414,-0.158203,-0.804688,1.08545
51474638248,-0.214844,-0.690918,1.00586
51474653025,0.0419922,-0.572266,0.914062
51474670871,0.193848,-0.595703,0.972168
51474693538,0.759277,-0.894531,0.09375
51474712940,0.512695,-1.21582,0.175781
51474730820,0.226562,-1.20605,0.410645
51474750561,0.473145,-0.442383,0.465332
51474772989,0.404297,-0.152832,0.600098
51474790850,0.00634766,-0.470703,0.844238
51474818004,-0.244629,-0.637695,1.01904
51474840443,0.0493164,-0.424316,0.75293
51474851042,0.23877,-0.442383,0.515625
51474870476,0.392578,-0.883789,0.225098
51474895826,0.433594,-1.30811,0.185547
51474918450,0.444336,-1.24512,0.25293
51474930367,0.477051,-0.710449,0.62793
51474953019,0.506836,-0.319336,0.682129
51474978366,0.137207,-0.343262,0.848633
51474993351,-0.0629883,-0.59082,1.00684
51475020502,0.134766,-0.689941,0.838867
51475030850,0.240723,-0.682617,0.707031
51475050662,0.383789,-0.85498,0.535645
51475073010,0.697754,-1.0498,0.12793
51475098327,0.682617,-1.09863,0.30127
51475118124,0.446289,-0.821777,0.533691
51475132971,0.342773,-0.625977,0.749512
51475156879,0.258789,-0.47998,0.880371
51475171999,-0.0566406,-0.668945,1.04297
51475195940,0.147949,-0.835938,0.812012
51475211027,0.235352,-0.737793,0.681152
51475233377,0.197754,-0.791992,0.633789
51475253153,0.326172,-0.89502,0.545898
51475276879,0.445801,-0.816406,0.431641
51475298014,0.485352,-0.714355,0.36377
51475320681,0.463867,-0.680176,0.458984
51475335421,0.40918,-0.688965,0.583984
51475351888,0.307129,-0.736816,0.687012
51475373126,0.059082,-0.666016,0.797852
51475398382,-0.0185547,-0.48877,0.754395
51475411986,0.0361328,-0.629883,0.67041
51475435856,0.216309,-0.802734,0.617188
51475455679,0.472168,-1.06055,0.375
51475472057,0.577148,-1.15723,0.229004
51475492958,0.412109,-0.964844,0.38623
51475515659,0.523926,-0.584473,0.412598
51475532544,0.541016,-0.512695,0.581055
51475560643,0.309082,-0.571289,0.806641
51475575668,0.0175781,-0.529297,0.875
51475599405,0.0800781,-0.705078,0.807617
51475613011,0.197266,-0.757324,0.727051
51475635471,0.294434,-0.799316,0.482422
51475653525,0.407227,-0.995605,0.475586
51475675973,0.479492,-0.998535,0.490723
51475695467,0.521484,-0.598145,0.594727
51475713597,0.354492,-0.540527,0.646484
51475733008,0.264648,-0.683594,0.63623
51475755460,0.274414,-0.697754,0.69043
51475773544,0.254395,-0.71582,0.76123
51475800465,0.172852,-0.725098,0.733887
51475815506,0.314453,-0.686523,0.472168
51475833419,0.312012,-0.714355,0.45459
51475852970,0.115234,-0.815918,0.617188
51475876975,0.334473,-0.687012,0.617676
51475893384,0.472168,-0.591309,0.677734
51475913169,0.415039,-0.807129,0.638672
51475952446,0.359375,-0.77002,0.631348
51475954973,0.462891,-0.680176,0.676758
51475973108,0.45459,-0.677246,0.65625
51475995454,0.42041,-0.712891,0.520996
51476013384,0.410645,-0.777832,0.524902
51476032999,0.233887,-0.708984,0.560547
51476058435,0.0488281,-0.640625,0.657715
51476080969,0.259766,-0.597656,0.688965
51476092951,0.396973,-0.734375,0.632324
51476115445,0.339844,-0.840332,0.569336
51476157382,0.339844,-0.786133,0.538086
51476161975,0.397461,-0.682129,0.551758
51476175476,0.398438,-0.715332,0.557617
51476199509,0.336426,-0.702148,0.604004
51476215984,0.29248,-0.716309,0.643066
51476235465,0.194336,-0.679688,0.70752
51476255281,0.0141602,-0.675293,0.751465
51476283399,0.161621,-0.705566,0.775391
51476295447,0.308594,-0.731934,0.776367
51476313405,0.412109,-0.807129,0.513184
51476335939,0.465332,-0.817383,0.467285
51476363153,0.413086,-0.717285,0.519043
51476380988,0.33252,-0.605957,0.563965
51476395954,0.33252,-0.679688,0.643066
51476432526,0.336426,-0.731934,0.731445
51476434964,0.196289,-0.621094,0.712402
51476461969,0.123047,-0.594727,0.705078
51476475637,0.262207,-0.731934,0.728516
51476505472,0.374512,-0.845215,0.685547
51476515937,0.416504,-0.846191,0.594238
51476535497,0.387207,-0.769043,0.575195
51476557940,0.375977,-0.705078,0.554199
51476583383,0.384766,-0.695801,0.574219
51476595475,0.373535,-0.676758,0.669434
51476618073,0.32373,-0.600586,0.700684
51476635962,0.254883,-0.603516,0.638672
51476657399,0.228516,-0.618652,0.638184
51476685659,0.240234,-0.816406,0.65332
51476695958,0.239258,-0.773926,0.641113
51476715454,0.338379,-0.739258,0.613281
51476738015,0.375977,-0.758301,0.649902
51476763430,0.388184,-0.790527,0.533691
51476775648,0.327148,-0.740234,0.574219
51476798020,0.289551,-0.666016,0.600098
51476823436,0.361816,-0.689941,0.583008
51476838385,0.342773,-0.680664,0.629395
51476858689,0.296387,-0.724609,0.658691
51476876063,0.181152,-0.616211,0.704102
51476895553,0.135254,-0.62793,0.697266
51476917983,0.336426,-0.679199,0.557129
51476936159,0.426758,-0.848145,0.531738
51476955485,0.34082,-0.913574,0.546875
51476985558,0.289062,-0.826172,0.532715
51476996016,0.34375,-0.659668,0.575195
51477015520,0.360352,-0.611328,0.638184
51477038074,0.308105,-0.630371,0.718262
51477055935,0.289062,-0.603516,0.751465
51477075723,0.230469,-0.633789,0.707031
51477098081,0.199707,-0.705566,0.644531
51477115943,0.217285,-0.731934,0.597168
51477137013,0.189453,-0.733887,0.539551
51477165488,0.237305,-0.797363,0.552734
51477176191,0.370117,-0.76123,0.601074
51477195563,0.437012,-0.714355,0.539062
51477217988,0.311523,-0.686523,0.557617
51477235998,0.300781,-0.630371,0.595215
51477266183,0.290527,-0.6875,0.645996
51477278065,0.260254,-0.720215,0.714355
51477295983,0.22168,-0.781738,0.723145
51477318472,0.0791016,-0.693359,0.741699
51477340975,0.0644531,-0.725586,0.71875
51477356021,0.324707,-0.835449,0.694336
51477376991,0.486816,-0.951172,0.569336
51477398058,0.476074,-0.882324,0.467773
51477416418,0.386719,-0.788086,0.475098
51477437032,0.401367,-0.736328,0.482422
51477466201,0.37793,-0.748047,0.516602
51477475933,0.311523,-0.769531,0.630859
51477497038,0.188965,-0.708496,0.765137
51477518048,0.137207,-0.741211,0.712402
51477536152,0.0117188,-0.743164,0.769531
51477558479,0.0361328,-0.790039,0.731445
51477578050,0.202148,-0.832031,0.64502
51477596020,0.283203,-0.95752,0.603516
51477618937,0.368652,-1.00049,0.446777
51477638228,0.369629,-0.832031,0.436035
51477655973,0.289551,-0.709473,0.476074
51477678954,0.293945,-0.693359,0.508789
51477698039,0.275879,-0.699219,0.646484
51477720515,0.137207,-0.673828,0.699219
51477738620,-0.0170898,-0.603516,0.730957
51477758006,0.0678711,-0.630371,0.757324
51477780551,0.299805,-0.801758,0.729492
51477799974,0.359375,-0.901855,0.612793
51477818042,0.398438,-0.849609,0.465332
51477840779,0.40918,-0.765137,0.370605
51477858460,0.408691,-0.71582,0.366211
51477878077,0.370117,-0.70166,0.445801
51477900586,0.325684,-0.739258,0.510254
51477918411,0.325195,-0.768066,0.678223
51477938141,0.27832,-0.745605,0.741699
51477968944,0.0351562,-0.556152,0.71582
51477979160,0.171875,-0.75293,0.619141
51478000982,0.312012,-0.912598,0.638184
51478023489,0.306152,-0.969727,0.577148
51478046184,0.356445,-0.860352,0.388672
51478058044,0.280273,-0.732422,0.453613
51478080566,0.263184,-0.679688,0.507324
51478099056,0.245117,-0.705078,0.551758
51478118035,0.30127,-0.752441,0.594727
51478148061,0.225098,-0.78125,0.705078
51478158488,0.0620117,-0.770508,0.631348
51478179662,-0.105957,-0.664551,0.746582
51478200548,0.0898438,-0.79248,0.746582
51478225936,0.369141,-0.814453,0.660645
51478247025,0.374023,-0.922852,0.557129
51478260559,0.30957,-0.900391,0.402344
51478278938,0.316406,-0.745605,0.461426
51478301200,0.381348,-0.663574,0.464844
51478320517,0.333008,-0.742188,0.470215
51478338546,0.308594,-0.835938,0.531738
51478359497,0.281738,-0.801758,0.702148
51478380548,0.142578,-0.731445,0.680176
51478398594,-0.0307617,-0.692383,0.769531
51478427001,0.177246,-0.791992,0.830078
51478440718,0.391113,-0.897461,0.719238
51478458501,0.325195,-0.932617,0.639648
51478479457,0.269043,-0.890625,0.519043
51478500527,0.306152,-0.819336,0.399902
51478525995,0.262207,-0.77832,0.424805
51478542269,0.214355,-0.780762,0.489746
51478560547,0.220703,-0.753418,0.647949
51478581205,0.0830078,-0.651855,0.776855
51478605765,-0.0317383,-0.616699,0.744629
51478628076,0.0385742,-0.721191,0.745117
51478638518,0.230957,-0.816406,0.749023
51478661039,0.351562,-0.872559,0.628906
51478681606,0.397949,-0.856445,0.555664
51478698465,0.375488,-0.796875,0.45752
51478727661,0.339844,-0.738281,0.425781
51478741266,0.316406,-0.786621,0.454102
51478763098,0.246582,-0.737305,0.577637
51478783559,0.153809,-0.668457,0.665527
51478801285,0.101074,-0.675781,0.725586
51478824488,0.146973,-0.710938,0.696289
51478840177,0.26416,-0.697754,0.692871
51478862715,0.285156,-0.796387,0.636719
51478883696,0.32666,-0.805664,0.541504
51478900338,0.444336,-0.746582,0.421387
51478930172,0.398438,-0.78125,0.416992
51478943795,0.322266,-0.720215,0.42041
51478961067,0.274414,-0.782227,0.504883
51478983537,0.303223,-0.793945,0.634277
51479003066,0.165039,-0.739258,0.788086
51479020993,0.0322266,-0.74707,0.765137
51479040606,0.00146484,-0.703125,0.76123
51479063254,0.151367,-0.69873,0.775879
51479083429,0.20166,-0.730469,0.680176
51479109523,0.206055,-0.824707,0.589844
51479130603,0.28418,-0.735352,0.566406
51479141025,0.372559,-0.797852,0.394531
51479162043,0.333496,-0.892578,0.462891
51479187196,0.323242,-0.899414,0.593262
51479208688,0.316406,-0.67627,0.644531
51479222031,0.337402,-0.649414,0.637695
51479243107,0.25293,-0.696777,0.721191
51479261095,0.254883,-0.67041,0.723145
51479282065,0.189453,-0.667969,0.822754
51479303128,0.17334,-0.625,0.63623
51479321022,0.357422,-0.853027,0.422363
51479342037,0.280273,-0.898926,0.455566
51479363155,0.121094,-0.874512,0.604004
51479389086,0.246094,-0.660645,0.635742
51479402028,0.217285,-0.57959,0.776855
51479430594,0.171387,-0.533203,0.704102
51479441051,0.226562,-0.673828,0.821289
51479463615,0.20166,-0.679199,0.736328
51479483095,0.380859,-0.833008,0.412109
51479501044,0.355957,-0.901855,0.379395
51479523577,0.270508,-0.916992,0.477051
51479543105,0.187988,-0.80957,0.626953
51479561224,0.269043,-0.667969,0.637695
51479583554,0.304199,-0.619629,0.716309
51479603104,0.219727,-0.675293,0.725586
51479621052,0.181152,-0.699219,0.830078
51479643504,0.235352,-0.6875,0.75293
51479663309,0.272949,-0.694824,0.615723
51479685570,0.322266,-0.947754,0.423828
51479711061,0.361328,-1.22266,0.251465
51479723139,0.207031,-1.0752,0.562988
51479741481,0.17627,-0.722656,0.655762
51479764080,0.335449,-0.493652,0.749023
51479783173,0.175781,-0.486328,0.835449
51479801048,0.120117,-0.597168,0.827637
51479823565,0.131836,-0.589844,0.94043
51479843107,0.194824,-0.675293,0.810059
51479861039,0.402832,-0.684082,0.5
51479883531,0.501465,-0.90625,0.272461
51479910817,0.318848,-0.983398,0.354004
51479921189,0.174805,-0.885742,0.486328
51479944044,0.149414,-0.610352,0.618652
51479966167,0.199707,-0.572754,0.677734
51479988525,0.191895,-0.617676,0.769043
51480003725,0.0878906,-0.637695,0.805664
51480024571,0.0878906,-0.716309,0.854004
51480041036,0.285645,-0.602539,0.722168
51480063577,0.323242,-0.59668,0.516602
51480084584,0.0620117,-0.694824,0.470703
51480113137,0.0146484,-0.799805,0.48877
51480123540,0.188477,-0.821289,0.57959
51480144558,0.263672,-0.722656,0.663086
51480168620,0.240234,-0.73584,0.728027
51480191029,0.294434,-0.712891,0.713379
51480204593,0.363281,-0.714355,0.772949
51480225647,0.553711,-0.685547,0.501953
51480244105,0.399902,-0.633301,0.275879
51480266047,0.138672,-0.685059,0.245605
51480285709,0.193359,-0.84082,0.45752
51480303573,0.226562,-0.903809,0.886719
51480324612,0.187988,-0.921875,0.910645
51480345619,0.26123,-0.716797,0.897949
51480371035,0.533691,-0.773926,0.809082
51480386078,0.539551,-0.708984,0.643066
51480405636,0.333496,-0.597656,0.422363
51480423579,0.00927734,-0.614258,0.392578
51480446043,0.0732422,-0.775391,0.407715
51480468584,0.164062,-0.802246,0.548828
51480483591,0.153809,-0.837891,0.819336
51480506031,0.195801,-0.825684,0.907227
51480525675,0.552246,-0.688965,0.725586
51480543574,0.54834,-0.836426,0.594238
51480566066,0.390625,-0.841797,0.584961
51480585608,0.394531,-0.5,0.485352
51480603510,0.0273438,-0.48584,0.40918
51480626072,-0.202148,-0.580078,0.34082
51480645639,-0.123047,-0.792969,0.389648
51480663551,0.0820312,-0.868164,0.351562
51480686080,0.178711,-0.88916,0.413086
51480705627,0.113281,-0.914551,0.570801
51480723594,0.0820312,-0.961914,0.634766
51480746026,0.416992,-0.963379,0.633301
51480765655,0.592285,-0.95166,0.630859
51480783595,0.416504,-0.916016,0.61377
51480806043,0.194336,-0.80957,0.62207
51480825652,0.0615234,-0.779297,0.591309
51480851061,0.101562,-0.876465,0.533203
51480873589,0.401367,-0.953125,0.470703
51480885630,0.541504,-1.00928,0.509766
51480908098,0.605469,-1.0166,0.573242
51480926554,0.56543,-0.944336,0.655273
51480947802,0.370117,-0.81543,0.664062
51480962764,0.390137,-0.837402,0.576172
51480985261,0.375488,-0.91748,0.480957
51481006643,0.416016,-0.802246,0.282227
51481022118,0.363281,-0.697754,0.034668
51481052738,0.334473,-0.637207,0.0336914
51481066292,0.345703,-0.760742,0.10791
51481088831,0.301758,-0.843262,0.128418
51481106209,0.208008,-0.934082,0.244629
51481127829,0.0771484,-0.85498,0.345703
51481150303,0.0102539,-0.901855,0.430664
51481165236,0.168457,-0.993164,0.485352
51481186377,0.245605,-1.00928,0.53418
51481209738,0.198242,-0.981934,0.543457
51481225273,0.186523,-0.931641,0.52002
51481246848,0.0888672,-0.982422,0.616211
51481276384,0.10498,-1.00732,0.702637
51481285300,0.214844,-1.0166,0.365234
51481306358,0.0751953,-0.812012,0.402832
51481330279,-0.00732422,-0.813477,0.478027
51481352786,0.00830078,-0.860352,0.657715
51481375250,0.19043,-0.959961,0.690918
51481388953,0.209961,-0.969238,0.664551
51481405722,0.196289,-0.884277,0.66748
51481428293,0.19873,-0.882324,0.665527
51481448866,0.186523,-0.864746,0.747559
51481465240,0.306152,-0.825684,0.643066
51481487814,0.279785,-0.786621,0.591797
51481508848,0.352539,-0.806152,0.299805
51481525367,0.384277,-0.84375,0.144043
51481555273,0.375977,-0.897949,0.266602
51481568812,0.286133,-0.948242,0.473633
51481585307,0.0512695,-0.896973,0.655762
51481607744,0.284668,-0.809082,0.518555
51481630309,0.538574,-0.839844,0.566895
51481645740,0.724609,-0.786621,0.311035
51481667770,0.443359,-0.806152,0.122559
51481688969,0.233398,-0.978027,0.0927734
51481705288,0.324707,-0.906738,0.13916
51481727787,0.31543,-0.790527,0.194336
51481748829,0.18457,-0.775879,0.282715
51481765314,0.194824,-0.791504,0.404785
51481787789,0.197266,-0.855957,0.574219
51481808816,0.21582,-0.86084,0.693359
51481825328,0.328613,-0.738281,0.725098
51481847811,0.369141,-0.833984,0.699219
51481868823,0.274902,-0.900391,0.585449
51481885317,0.130859,-0.803223,0.530762
51481907765,0.128906,-0.829102,0.608887
51481928850,0.316895,-0.920898,0.662109
51481945401,0.277344,-0.95752,0.856934
51481967750,0.160645,-0.822266,0.796875
51481988967,0.125488,-0.835449,0.833008
51482005261,0.240723,-0.861816,0.827148
51482035336,0.394531,-0.697266,0.553223
51482056380,0.307129,-0.686523,0.316895
51482064604,-0.0664062,-0.775879,0.245117
51482088499,-0.0874023,-0.872559,0.364258
51482110743,0.0498047,-0.835449,0.461426
51482132787,0.169434,-0.879395,0.532227
51482147785,0.220215,-0.908691,0.694336
51482170270,0.177734,-0.909668,0.898926
51482198910,0.135742,-0.981934,0.928223
51482207775,0.316895,-0.93457,0.858887
51482237797,0.433105,-0.875,0.718262
51482244690,0.362305,-0.597656,0.365234
51482267788,-0.145996,-0.537598,0.342773
51482290354,-0.166504,-0.637695,0.389648
51482313447,0.0380859,-0.729492,0.344727
51482333911,0.14209,-0.760254,0.431641
51482350300,0.28418,-0.79248,0.52832
51482371351,0.256348,-0.765137,0.751465
51482387958,0.24707,-0.79248,0.804688
51482410332,0.411133,-0.748535,0.817871
51482431533,0.408691,-0.713379,0.681641
51482447842,0.257812,-0.538086,0.537109
51482470291,0.137207,-0.708008,0.496582
51482491664,0.19043,-0.786133,0.398438
51482515324,0.149414,-0.802734,0.404785
51482538009,0.233398,-0.716309,0.49707
51482551563,0.321777,-0.812988,0.587891
51482567816,0.36084,-0.912109,0.652344
51482590304,0.398926,-0.910156,0.664551
51482612857,0.393555,-0.852539,0.70752
51482627789,0.230957,-0.758301,0.71875
51482650378,0.162598,-0.661133,0.644531
51482671359,0.168457,-0.606934,0.537598
51482687856,0.277832,-0.816895,0.341309
51482710323,0.181641,-0.891602,0.368164
51482738961,0.276855,-0.735352,0.402344
51482747199,0.362793,-0.754395,0.421875
51482770279,0.307129,-0.828125,0.487793
51482792863,0.271484,-0.797363,0.589844
51482822795,0.216309,-0.8125,0.754395
51482830293,0.214355,-0.891602,0.858887
51482852830,0.390625,-0.888672,0.793945
51482867143,0.355469,-0.876953,0.727051
51482890470,0.236328,-0.812012,0.48877
51482911425,0.103516,-0.700684,0.417969
51482928159,0.0737305,-0.716309,0.367676
51482950386,0.138672,-0.731445,0.362305
51482972789,0.206543,-0.779297,0.478027
51482994078,0.279297,-0.825195,0.587402
51483025297,0.292969,-0.856934,0.688965
51483034254,0.293945,-0.942383,0.740234
51483047824,0.446289,-0.972656,0.714844
51483070351,0.48291,-0.839844,0.634766
51483091603,0.297852,-0.668945,0.524414
51483107178,0.0927734,-0.643555,0.422852
51483130376,0.0131836,-0.638672,0.368652
51483151470,-0.00390625,-0.740234,0.486816
51483167143,0.109863,-0.820312,0.625488
51483190543,0.162109,-0.852539,0.799805
51483229135,0.299316,-0.925293,0.734863
51483241389,0.45752,-0.852051,0.756836
51483250401,0.496094,-0.935059,0.70752
51483272832,0.384277,-0.816406,0.686035
51483295379,0.189453,-0.594727,0.478027
51483317834,-0.097168,-0.601562,0.382812
51483332962,-0.0566406,-0.763184,0.373047
51483347231,0.0205078,-0.84668,0.481934
51483370392,0.175293,-0.779297,0.557129
51483392842,0.362793,-0.805176,0.575195
51483414519,0.384766,-0.86377,0.728516
51483430322,0.317383,-0.877441,0.806641
51483452904,0.290039,-0.70752,0.901367
51483473937,0.446777,-0.715332,0.60498
51483490368,0.195801,-0.711426,0.591309
51483512874,0.127441,-0.688965,0.513672
51483533931,0.272461,-0.763672,0.345703
51483549740,0.121094,-0.731934,0.437988
51483573341,0.144043,-0.753418,0.427734
51483593934,0.239746,-0.845703,0.45752
51483610353,0.143555,-0.883789,0.55957
51483632865,0.0380859,-0.826172,0.63623
51483654004,0.162598,-0.857422,0.750488
51483669739,0.27002,-0.821777,0.75293
51483693237,0.263672,-0.743652,0.753906
51483715142,0.161621,-0.810547,0.727539
51483730357,0.206543,-0.787109,0.582031
51483760368,0.269531,-0.796387,0.448242
51483775346,0.230957,-0.755859,0.450195
51483790406,0.262207,-0.824219,0.479492
51483812869,0.211426,-0.824219,0.584961
51483833686,0.180664,-0.774902,0.654297
51483850429,0.211914,-0.796387,0.70459
51483873326,0.303711,-0.743652,0.727539
51483901401,0.3125,-0.73291,0.707031
51483910372,0.455566,-0.781738,0.442383
51483932864,0.286621,-0.820312,0.441895
51483953977,0.111816,-0.691406,0.541504
51483983917,0.134766,-0.713867,0.60498
51483992873,0.167969,-0.821777,0.665039
51484015356,0.104004,-0.703125,0.743652
51484029725,0.302734,-0.749512,0.716797
51484052898,0.199219,-0.772461,0.810547
51484075452,0.191895,-0.789062,0.837891
51484096468,0.307617,-0.597656,0.705078
51484114521,0.405762,-0.808105,0.19873
51484135411,0.32373,-0.932617,0.365723
51484149709,0.155762,-0.884277,0.496094
51484172869,0.0991211,-0.607422,0.57959
51484202941,0.277832,-0.737793,0.605469
51484216436,0.180176,-0.662598,0.82959
51484232980,0.27002,-0.574707,0.838379
51484255906,0.285645,-0.601562,0.925781
51484269707,0.598633,-0.786133,0.370605
51484292817,0.500977,-0.907715,0.321289
51484315391,0.027832,-0.776367,0.498535
51484329726,-0.0327148,-0.574707,0.60791
51484352844,0.0908203,-0.793457,0.681152
51484375425,0.179199,-0.707031,0.754395
51484397127,0.397461,-0.683594,0.712891
51484413047,0.308594,-0.724609,0.804199
51484435373,0.32666,-0.791016,0.78125
51484456604,0.319824,-0.648926,0.605957
51484472880,0.185059,-0.717773,0.574707
51484495378,0.22168,-0.797363,0.500977
51484516466,0.227539,-0.810059,0.543457
51484532881,0.352539,-0.906738,0.351074
51484555403,0.290039,-0.849121,0.53418
51484576549,0.250977,-0.706543,0.617676
51484592961,0.289551,-0.612793,0.766602
51484615378,0.40332,-0.686035,0.668457
51484636490,0.455566,-0.641602,0.617188
51484654547,0.442383,-0.654785,0.468262
51484682917,0.345215,-0.682129,0.529785
51484703983,0.168457,-0.648926,0.646484
51484712901,0.0180664,-0.619141,0.811035
51484735412,0.114258,-0.723145,0.753418
51484757874,0.22998,-0.750977,0.660156
51484772919,0.24707,-0.737793,0.647949
51484795377,0.0756836,-0.704102,0.691406
51484816580,-0.012207,-0.594727,0.703125
51484832926,0.123535,-0.640625,0.661621
51484857136,0.279297,-0.686523,0.491699
51484876619,0.319824,-0.754883,0.429688
51484892984,0.383301,-0.720703,0.458496
51484915343,0.35791,-0.714844,0.493652
51484936493,0.271973,-0.627441,0.508301
51484953315,0.194336,-0.609375,0.520508
51484975493,0.10791,-0.817871,0.408203
51484996492,-0.160645,-1.13086,0.734375
51485019123,0.185547,-1.26367,0.510742
51485035446,0.177734,-1.1333,0.826172
51485056432,0.132324,-0.780273,0.640137
51485072880,-0.00341797,-0.503906,0.731445
51485095418,0.0917969,-0.824707,0.749023
51485117845,0.205566,-0.911133,0.750488
51485133029,0.125,-0.862793,0.651855
51485155159,0.209473,-0.918457,0.605957
51485177977,0.20166,-0.775391,0.547363
51485192220,0.0571289,-0.817871,0.557617
51485215369,0.271484,-0.953125,0.393066
51485238028,0.319824,-0.791992,0.54248
51485258951,-0.0942383,-0.725586,0.855957
51485275483,-0.269043,-0.733887,0.958984
51485297979,-0.0390625,-0.677246,0.911621
51485312735,0.155762,-0.76123,0.685059
51485335431,0.153809,-0.878906,0.602539
51485366376,0.318359,-0.92627,0.200195
51485372282,0.240234,-1.13135,0.0268555
51485395513,0.132324,-0.981934,0.233398
51485418014,0.199219,-0.630371,0.469238
51485440446,-0.0537109,-0.45459,0.769531
51485455389,-0.225586,-0.589844,0.785645
51485477967,0.113281,-0.780273,0.629883
51485499005,0.175781,-0.924316,0.60498
51485515395,0.453613,-0.992188,0.217285
51485538102,0.452637,-1.45215,0.0610352
51485566502,0.349121,-1.14453,0.352051
51485575418,0.480469,-0.634766,0.598145
51485598024,0.146973,-0.395996,0.902344
51485619111,-0.193848,-0.435547,0.921875
51485635478,0.142578,-0.702148,0.643066
51485657983,0.263184,-0.785645,0.395996
51485679028,0.304688,-1.37744,0.043457
51485695452,0.197754,-1.42236,0.117676
51485718420,0.472168,-0.824707,0.325684
51485739173,0.437988,-0.509277,0.672363
51485755406,0.0444336,-0.528809,0.86084
51485778100,-0.137207,-0.501465,0.775879
51485799151,0.202148,-0.761719,0.558594
51485815387,0.259766,-1.20947,0.185059
51485845449,0.228516,-1.43066,0.130371
51485866463,0.34375,-0.916992,0.254395
51485875446,0.408691,-0.533203,0.498047
51485897978,0.160645,-0.628906,0.792969
51485920464,-0.0795898,-0.640625,0.831055
51485934841,0.119629,-0.673828,0.697754
51485957987,0.259766,-0.784668,0.611816
51485978944,0.358887,-1.03809,0.236816
51485994762,0.263672,-1.10107,0.229004
51486017934,0.209961,-0.84375,0.379395
51486039200,0.214844,-0.657715,0.537109
51486054831,0.0595703,-0.76416,0.689941
51486077972,0.0185547,-0.688965,0.758301
51486100459,0.134766,-0.679199,0.690918
51486122958,0.217285,-0.689941,0.591309
51486138159,0.29541,-0.756836,0.426758
51486160442,0.27832,-0.977051,0.282715
51486175756,0.270996,-1.15186,0.282227
51486198506,0.325195,-1.10596,0.413086
51486220423,0.244141,-1.00977,0.590332
51486234779,0.0400391,-0.695801,0.744141
51486257955,-0.0205078,-0.488281,0.782715
51486280430,0.193848,-0.688477,0.709961
51486301587,0.242676,-0.974609,0.561523
51486325390,0.250488,-1.03906,0.386719
51486348035,0.143555,-0.961426,0.426758
51486361560,0.171875,-0.816895,0.46582
51486378933,0.236816,-0.956055,0.424316
51486408027,0.258301,-1.00977,0.51123
51486422945,0.101562,-0.898438,0.662109
51486437987,0.0742188,-0.585449,0.564941
51486460429,0.0385742,-0.630859,0.691895
51486489195,0.242188,-0.874512,0.556152
51486498004,0.288574,-0.876953,0.558105
51486520457,0.106934,-0.828125,0.529785
51486549122,0.0922852,-0.783203,0.525879
51486557997,0.157227,-0.76709,0.575195
51486580439,0.236328,-0.821289,0.519531
51486601299,0.273438,-0.881836,0.477539
51486625434,0.165039,-0.882324,0.484375
51486640435,0.132812,-0.834473,0.450195
51486661703,0.0922852,-0.727539,0.5
51486677994,0.166016,-0.793945,0.547852
51486700529,0.220215,-0.853516,0.554199
51486721263,0.172363,-0.793945,0.58252
51486737996,0.274902,-0.831055,0.473145
51486760509,0.228027,-0.899414,0.506348
51486781596,0.251953,-0.894531,0.480469
51486798117,0.188477,-0.867676,0.616699
51486827961,0.0991211,-0.820801,0.671875
51486850526,0.0517578,-0.84375,0.666504
51486864064,0.134277,-0.818848,0.585449
51486880965,0.234375,-0.90625,0.54834
51486902978,0.354004,-0.928711,0.29834
51486917292,0.297363,-0.920898,0.348633
51486940444,0.219238,-0.834961,0.50293
51486962958,0.165527,-0.765625,0.652344
51486977273,0.0800781,-0.631348,0.768555
51487000698,0.0708008,-0.679688,0.660645
51487030456,0.0473633,-0.84082,0.668457
51487053040,0.152344,-0.790527,0.611328
51487060443,0.341797,-1.04004,0.243164
51487089054,0.189453,-1.08008,0.174316
51487104081,0.224609,-0.875977,0.312988
51487121151,0.252441,-0.741699,0.54248
51487142957,0.0981445,-0.687012,0.709961
51487164253,-0.0874023,-0.668457,0.847168
51487180433,0.116699,-0.70459,0.619141
51487203017,0.183105,-0.812988,0.624512
51487217361,0.364746,-0.847168,0.532227
51487240463,0.5,-1.14844,0.0170898
51487262993,0.09375,-1.25928,0.174805
51487284031,0.339355,-0.939941,0.271484
51487308033,0.451172,-0.627441,0.527344
51487323418,0.208496,-0.63623,0.748047
51487344034,-0.158203,-0.695312,0.820312
51487360496,-0.0273438,-0.674805,0.710938
51487383046,0.178711,-0.849121,0.62207
51487404025,0.297363,-0.888672,0.474609
51487420525,0.311035,-1.02979,0.250977
51487442948,0.156738,-1.1875,0.0742188
51487464101,0.231445,-1.08789,0.222168
51487480512,0.401367,-0.751465,0.384277
51487510478,0.298828,-0.642578,0.616211
51487531563,-0.0473633,-0.532715,0.73877
51487540463,-0.200195,-0.556152,0.76416
51487563014,0.00341797,-0.726074,0.624023
51487585457,0.0986328,-0.946777,0.55127
51487601840,0.244141,-1.10889,0.385742
51487623005,0.377441,-1.14502,0.328613
51487644000,0.339844,-1.17041,0.259766
51487660529,0.395508,-1.03955,0.188965
51487683032,0.374023,-0.818359,0.365234
51487703762,0.431152,-0.745117,0.458008
51487720484,0.257812,-0.757812,0.626465
51487743005,-0.0898438,-0.714355,0.668945
51487763863,-0.0942383,-0.736328,0.63916
51487787948,0.165039,-0.881348,0.608398
51487810573,0.28418,-0.990723,0.487305
51487824207,0.38623,-0.962402,0.401367
51487839836,0.366211,-0.92334,0.302246
51487869278,0.347168,-0.981934,0.20752
51487886156,0.306641,-1.04053,0.256836
51487899858,0.400879,-1.021,0.270508
51487923094,0.382324,-0.928223,0.354492
51487945504,0.217285,-0.839355,0.574707
51487959842,-0.10498,-0.601562,0.61084
51487983009,-0.216797,-0.584961,0.67334
51488011560,-0.0473633,-0.796387,0.664551
51488034117,0.227051,-1.0083,0.488281
51488050517,0.270508,-0.986816,0.404297
51488065607,0.356934,-0.890625,0.333496
51488088689,0.433105,-0.955566,0.26123
51488102967,0.350098,-1.14893,0.213379
51488140298,0.404297,-1.03516,0.277344
51488149440,0.569336,-0.71875,0.384766
51488163451,0.321777,-0.629883,0.516602
51488185530,0.141602,-0.691895,0.601074
51488214123,-0.074707,-0.807617,0.595215
51488238044,-0.125,-0.766113,0.605957
51488245485,0.0756836,-0.86377,0.470703
51488268051,0.29248,-1.02148,0.318359
51488290548,0.302246,-0.973145,0.274902
51488306222,0.323242,-0.961914,0.233398
51488326704,0.462402,-1.04932,0.146484
51488350953,0.325195,-1.02979,0.299316
51488365609,0.35791,-0.861816,0.458008
51488386658,0.237793,-0.664062,0.615234
51488403022,0.0405273,-0.650879,0.658203
51488425329,0.000488281,-0.681641,0.629395
51488446628,0.0942383,-0.890625,0.51416
51488462962,0.265137,-1.12402,0.432617
51488493033,0.307129,-1.24512,0.368652
51488514056,0.365234,-1.11084,0.289551
51488523076,0.316406,-0.994629,0.381348
51488545496,0.348633,-0.842773,0.411133
51488566615,0.275879,-0.783691,0.450684
51488590567,0.116699,-0.760254,0.574707
51488605544,-0.0942383,-0.848145,0.626465
51488626770,-0.103027,-0.730957,0.632812
51488642988,0.129883,-0.818359,0.425293
51488665531,0.257324,-1.0083,0.39209
51488694073,0.460938,-1.0542,0.16748
51488703015,0.234375,-0.914551,0.377441
51488725583,0.112793,-0.773438,0.558105
51488754089,-0.124023,-0.637695,0.70752
51488770533,0.113281,-0.777832,0.536621
51488793038,0.0981445,-0.903809,0.600098
51488806599,0.262695,-0.993164,0.45752
51488822804,0.308105,-1.09082,0.39209
51488845547,0.244141,-0.96875,0.409668
51488866578,0.249512,-0.823242,0.455078
51488882383,0.227539,-0.818359,0.549316
51488905504,0.27832,-0.818359,0.458496
51488928124,0.149902,-0.793945,0.462891
51488942456,0.050293,-0.777344,0.525391
51488973021,0.0581055,-0.801758,0.624512
51488994276,0.158691,-0.864746,0.535156
51489002372,0.197266,-0.921875,0.48584
51489025491,0.168945,-0.914551,0.540039
51489048036,0.13916,-0.83252,0.59082
51489069108,0.246094,-0.87207,0.539062
51489085610,0.327637,-0.875,0.43457
51489108013,0.272949,-0.891602,0.340332
51489129096,0.0830078,-0.907227,0.493164
51489145598,-0.0200195,-0.784668,0.585449
51489174105,-0.0219727,-0.740234,0.640137
51489196677,0.100098,-0.78418,0.55957
51489205546,0.286133,-0.98877,0.463867
51489229541,0.400391,-0.941406,0.395996
51489249139,0.278809,-0.776855,0.382812
51489271611,0.249023,-0.802246,0.412598
51489288135,0.229492,-0.891113,0.494629
51489309114,0.104492,-0.812012,0.621094
51489325829,0.0234375,-0.722168,0.699707
51489348501,-0.00537109,-0.618652,0.664062
51489369122,0.231934,-0.870117,0.467773
51489385613,0.351562,-1.05615,0.334961
51489408040,0.214844,-0.990234,0.351074
51489429152,0.196777,-0.76123,0.47998
51489453079,0.378906,-0.836914,0.365234
51489475511,0.460449,-1.07129,0.24707
51489489267,0.303711,-1.01123,0.267578
51489505553,0.202148,-0.821777,0.389648
51489529896,0.138184,-0.699219,0.671387
51489549246,-0.104492,-0.825195,0.814941
51489565527,0.0258789,-0.758301,0.587402
51489588628,0.222168,-0.951172,0.507812
51489609113,0.291016,-1.00732,0.423828
51489625332,0.421387,-0.925293,0.319824
51489655557,0.413086,-0.944336,0.254395
51489676624,0.301758,-0.945801,0.317383
51489685550,0.17627,-0.853516,0.371094
51489708072,0.233398,-0.771973,0.408203
51489731347,0.241211,-0.787109,0.482422
51489744968,0.202637,-0.828125,0.525391
51489768063,0.239258,-0.906738,0.519043
51489789312,0.233398,-0.913574,0.514648
51489805315,0.227051,-0.886719,0.514648
51489829022,0.258301,-0.889648,0.520508
51489849253,0.279297,-0.862793,0.522949
51489880566,0.279785,-0.850098,0.451172
51489888072,0.281738,-0.889648,0.415039
51489910557,0.259277,-0.936035,0.418945
51489933087,0.168457,-0.906738,0.496582
51489955613,0.0151367,-0.848633,0.543457
51489970524,0.0546875,-0.807129,0.482422
51489993137,0.275879,-0.859863,0.42041
51490008081,0.46582,-1.04883,0.202637
51490032533,0.424805,-0.986816,0.230469
51490051725,0.410645,-0.803223,0.325684
51490068076,0.35498,-0.728516,0.561523
51490090578,0.0981445,-0.72168,0.749512
51490111679,-0.0532227,-0.628418,0.821289
51490128119,0.158203,-0.742188,0.637695
51490158085,0.303223,-1.00244,0.37793
51490179130,0.34375,-1.11621,0.189941
51490188064,0.338867,-1.04785,0.140137
51490210604,0.413574,-0.799316,0.278809
51490231727,0.253418,-0.707031,0.540039
51490255667,0.103516,-0.660645,0.688965
51490270592,0.227539,-0.822266,0.566895
51490291643,0.293457,-0.998047,0.446289
51490308128,0.405273,-1.02881,0.265625
51490330591,0.506348,-0.997559,0.199219
51490359248,0.434082,-0.84668,0.348633
51490368102,0.24707,-0.618164,0.719238
51490390586,0.0415039,-0.708984,0.813477
51490411642,0.0888672,-0.790527,0.642578
51490437279,0.0786133,-0.873047,0.509277
51490458133,0.297363,-0.947266,0.345215
51490471625,0.47998,-1.02148,0.124023
51490488548,0.345703,-0.954102,0.197266
51490511102,0.37793,-0.835938,0.404297
51490531665,0.115234,-0.603516,0.682617
51490548157,0.0214844,-0.619629,0.820312
51490570605,0.220215,-0.831543,0.618164
51490591723,0.244629,-0.867676,0.544922
51490608110,0.442871,-0.952637,0.285645
51490637272,0.440918,-0.97998,0.145996
51490659302,0.427246,-0.866211,0.287109
51490667426,0.270508,-0.864258,0.478027
51490698140,0.03125,-0.675781,0.685059
51490713089,-0.0322266,-0.722656,0.59082
51490727396,0.0664062,-0.84668,0.5625
51490758185,0.376465,-1.09473,0.233887
51490773132,0.622559,-0.94873,0.174316
51490787935,0.580078,-0.77832,0.317383
51490810653,0.391602,-0.768555,0.644043
51490841747,0.128418,-0.855469,0.845215
51490847589,-0.0639648,-0.663574,0.827637
51490870630,0.0976562,-0.676758,0.6875
51490893082,0.337402,-0.893555,0.15625
51490914310,0.308594,-1.15283,0.100586
51490931667,0.584473,-1.16406,-0.00292969
51490953128,0.530273,-0.756348,0.246094
51490967480,0.33252,-0.645996,0.661133
51490990592,-0.110352,-0.730957,0.942383
51491013545,-0.03125,-0.64502,0.763672
51491034600,0.130859,-0.757324,0.627441
51491050580,0.331543,-1.00244,0.227051
51491073134,0.463379,-1.19287,-0.0581055
51491094161,0.51416,-1.12793,0.0146484
51491116664,0.494629,-0.763184,0.274414
51491133544,0.294922,-0.697266,0.710938
51491154252,-0.14209,-0.783691,0.941406
51491170585,-0.081543,-0.686523,0.806641
51491193149,0.172363,-0.676758,0.699707
51491215710,0.479004,-0.99707,0.129395
51491230598,0.429688,-1.14941,0.0361328
51491253170,0.376953,-1.03857,0.110352
51491283081,0.395996,-0.622559,0.476074
51491290578,0.141113,-0.629395,0.721191
51491319197,-0.0405273,-0.659668,0.804199
51491341743,0.149414,-0.756348,0.59082
51491350722,0.34375,-0.992188,0.357422
51491380651,0.313477,-1.09033,0.297363
51491395611,0.310059,-0.922363,0.343262
51491418600,0.330566,-0.855469,0.465332
51491440626,0.244629,-0.795898,0.506836
51491454184,0.22998,-0.817383,0.489746
51491471088,0.250488,-0.811035,0.411133
51491493594,0.355469,-1.05273,0.15918
51491514134,0.319336,-1.00488,0.258789
51491530601,0.362793,-0.871094,0.413086
51491553125,0.358887,-0.834473,0.626465
51491574177,0.10498,-0.794434,0.814941
51491598110,-0.151367,-0.764648,0.801758
51491619240,0.0458984,-0.681152,0.666992
51491634193,0.396973,-0.905762,0.387695
51491649986,0.427246,-1.09717,0.298828
51491673631,0.350586,-0.994141,0.263184
51491695592,0.379395,-0.83252,0.273926
51491710150,0.260742,-0.75293,0.334473
51491733183,0.205078,-0.772949,0.401367
51491755697,0.206543,-0.868652,0.467285
51491769980,0.172363,-0.865723,0.5
51491793091,0.172852,-0.799805,0.48291
51491823792,0.278809,-0.856934,0.519043
51491829952,0.428711,-0.942383,0.378418
51491853151,0.38623,-0.96875,0.374512
51491875645,0.320801,-0.972168,0.436523
51491896679,0.123535,-0.833008,0.527832
51491913154,0.0341797,-0.702637,0.55127
51491935625,0.172852,-0.789062,0.500488
51491958157,0.380859,-0.943848,0.376465
51491973644,0.442383,-0.950195,0.351562
51491995616,0.354004,-0.926758,0.331543
51492024786,0.227539,-0.885254,0.412598
51492034598,0.109375,-0.802246,0.500488
51492055664,0.121094,-0.762207,0.556152
51492076708,0.229492,-0.812012,0.562012
51492100702,0.371582,-0.928711,0.403809
51492115731,0.305176,-0.958984,0.367676
51492136698,0.278809,-0.928223,0.378906
51492153138,0.237793,-0.842285,0.467285
51492181740,0.212891,-0.819824,0.469238
51492196702,0.176758,-0.874023,0.516113
51492213112,0.25,-0.901855,0.536133
51492249860,0.325195,-0.881836,0.506348
51492256671,0.336426,-0.88916,0.464844
51492273168,0.319824,-0.881348,0.404785
51492303131,0.250488,-0.875488,0.334473
51492324185,0.211914,-0.868652,0.42627
51492340618,0.142578,-0.852051,0.506836
51492355704,0.128906,-0.845215,0.590332
51492376782,0.173828,-0.850586,0.552734
51492393173,0.300293,-0.941406,0.448242
51492415609,0.433105,-0.934082,0.359375
51492436501,0.335938,-0.814453,0.349609
51492453960,0.273926,-0.924316,0.40918
51492475701,0.0981445,-0.867188,0.528809
51492504199,0.125488,-0.70166,0.535156
51492526735,0.291504,-0.763184,0.607422
51492535705,0.517578,-0.983887,0.403809
51492556676,0.464355,-1.00146,0.346191
51492580708,0.375488,-0.89209,0.371582
51492603149,0.237305,-0.769043,0.413086
51492616685,0.153809,-0.806152,0.463867
51492632477,0.157715,-0.772949,0.478516
51492661732,0.264648,-0.888672,0.432129
51492676781,0.330078,-0.918945,0.412598
51492693149,0.438965,-0.844727,0.416016
51492715664,0.489258,-0.85498,0.428711
51492753669,0.399902,-0.942383,0.46875
51492756104,0.236816,-0.871582,0.555176
51492783242,0.131348,-0.727539,0.592773
51492804263,0.166504,-0.754395,0.597168
51492812501,0.226074,-0.893066,0.467285
51492835681,0.36377,-0.925293,0.36377
51492859286,0.438477,-0.896973,0.350586
51492879430,0.429688,-0.87793,0.390137
51492895717,0.374023,-0.83252,0.427246
51492918145,0.283691,-0.787598,0.479492
51492940741,0.259766,-0.865234,0.478027
51492963152,0.261719,-0.88623,0.531738
51492984215,0.302246,-0.850586,0.499023
51493006732,0.388672,-0.86084,0.49707
51493030743,0.438965,-0.868164,0.467285
51493038213,0.458008,-0.863281,0.45166
51493076165,0.398926,-0.85498,0.464355
51493081787,0.313477,-0.785645,0.479492
51493098192,0.255859,-0.786621,0.498047
51493119296,0.288086,-0.808105,0.493164
51493135758,0.377441,-0.777344,0.522949
51493158157,0.515137,-0.818848,0.481445
51493179161,0.445801,-0.833008,0.462402
51493195732,0.365723,-0.806641,0.444336
51493218180,0.245605,-0.756348,0.478516
51493239415,0.248535,-0.757324,0.474121
51493255670,0.347656,-0.759766,0.471191
51493285682,0.431152,-0.783203,0.385742
51493306734,0.478516,-0.84082,0.379395
51493321743,0.460449,-0.825684,0.402832
51493338166,0.417969,-0.745117,0.462402
51493360669,0.337891,-0.663574,0.490723
51493383183,0.367676,-0.745605,0.47168
51493398175,0.380371,-0.817383,0.441895
51493419263,0.425781,-0.793945,0.42334
51493436430,0.483887,-0.75293,0.442383
51493458175,0.546875,-0.700684,0.468262
51493486983,0.59668,-0.730957,0.474121
51493495700,0.456055,-0.771973,0.518066
51493518194,0.372559,-0.710938,0.51123
51493539265,0.367188,-0.648438,0.534668
51493563192,0.455566,-0.793945,0.48291
51493579158,0.542969,-0.793945,0.445801
51493599397,0.591797,-0.784668,0.404297
51493615678,0.554199,-0.791992,0.412109
51493638165,0.467773,-0.697754,0.415527
51493660698,0.38623,-0.669922,0.462402
51493675653,0.325195,-0.672363,0.534668
51493698215,0.391602,-0.760254,0.514648
51493720680,0.479492,-0.85498,0.453613
51493735050,0.515625,-0.802734,0.461426
51493765711,0.560547,-0.763184,0.449219
51493781978,0.541992,-0.728516,0.467285
51493795109,0.554688,-0.682129,0.437988
51493818188,0.548828,-0.688965,0.408691
51493840721,0.542969,-0.738281,0.399414
51493863229,0.502441,-0.711914,0.416504
51493878162,0.490234,-0.694824,0.426758
51493900812,0.497559,-0.766602,0.448242
51493921753,0.509766,-0.790039,0.472656
51493938249,0.56543,-0.831543,0.459473
51493968206,0.633789,-0.916016,0.419922
51493989336,0.53418,-0.793945,0.532715
51493998427,0.505371,-0.638184,0.595703
51494028237,0.402832,-0.597168,0.666992
51494043280,0.359863,-0.666992,0.713379
51494065695,0.402344,-0.702148,0.616699
51494080709,0.519043,-0.735352,0.524902
51494101835,0.585449,-0.775391,0.394531
51494118262,0.572754,-0.813477,0.371582
51494140690,0.519531,-0.742188,0.441895
51494162566,0.433594,-0.595215,0.536133
51494178172,0.374023,-0.647461,0.580078
51494200733,0.407715,-0.684082,0.580078
51494221780,0.458496,-0.766602,0.529785
51494238219,0.603516,-0.779297,0.459473
51494268228,0.569336,-0.750977,0.438477
51494281763,0.537109,-0.685547,0.456055
51494321281,0.526855,-0.592285,0.514648
51494323687,0.447266,-0.618164,0.561523
51494343324,0.407227,-0.668457,0.580566
51494358263,0.395996,-0.688965,0.555176
51494386728,0.469238,-0.827148,0.509277
51494401755,0.538574,-0.790527,0.457031
51494418667,0.586426,-0.766602,0.433105
51494448211,0.626953,-0.806152,0.423828
51494470758,0.544922,-0.675293,0.505371
51494478175,0.499023,-0.597656,0.548828
51494500756,0.370117,-0.632812,0.599121
51494523197,0.357422,-0.699219,0.554688
51494545753,0.37793,-0.689941,0.496094
51494560758,0.461426,-0.775879,0.443359
51494581747,0.518066,-0.749023,0.417969
51494598466,0.592773,-0.71582,0.387695
51494620748,0.634766,-0.79834,0.352051
51494650771,0.62207,-0.822266,0.376953
51494657657,0.556152,-0.653809,0.489746
51494680864,0.469727,-0.541992,0.578125
51494703253,0.369629,-0.684082,0.669922
51494717770,0.372559,-0.712891,0.651855
51494748215,0.381836,-0.79541,0.577637
51494763304,0.453613,-0.84082,0.516602
51494777607,0.513672,-0.807129,0.471191
51494800759,0.636719,-0.833496,0.365234
51494823698,0.566406,-0.830566,0.429199
51494837595,0.521484,-0.64209,0.516602
51494875723,0.413574,-0.599609,0.602539
51494889249,0.34668,-0.728516,0.606934
51494904358,0.303223,-0.746094,0.598633
51494928201,0.394043,-0.776367,0.544434
51494950745,0.481934,-0.816406,0.519531
51494971852,0.525391,-0.709473,0.504395
51494980735,0.652832,-0.726074,0.430176
51495003210,0.640625,-0.76709,0.460938
51495025732,0.598633,-0.658203,0.511719
51495040778,0.532227,-0.557617,0.569336
51495086347,0.388184,-0.64502,0.595703
51495088652,0.375977,-0.663086,0.563965
51495102206,0.397949,-0.703613,0.536133
51495123276,0.540039,-0.791504,0.408691
51495151788,0.529297,-0.70166,0.408691
51495160748,0.588867,-0.701172,0.376465
51495183223,0.609863,-0.674805,0.405762
51495205760,0.612793,-0.594727,0.403809
51495228225,0.566406,-0.571289,0.501465
51495249320,0.473633,-0.507324,0.520996
51495264295,0.412598,-0.600098,0.560059
51495280814,0.389648,-0.640137,0.538086
51495310767,0.415039,-0.704102,0.525879
51495324293,0.450195,-0.692383,0.538574
51495340790,0.503906,-0.648926,0.531738
51495363278,0.60791,-0.664551,0.482422
51495384323,0.786133,-0.826172,0.330566
51495401484,0.635742,-0.84082,0.418457
51495430775,0.589355,-0.604004,0.495605
51495451774,0.435059,-0.51123,0.62207
51495460095,0.351074,-0.638672,0.652344
51495483278,0.366211,-0.697754,0.63916
51495505751,0.393066,-0.73877,0.566406
51495528285,0.425781,-0.759766,0.527832
51495543224,0.472656,-0.760742,0.511719
51495565776,0.558105,-0.759766,0.454102
51495580127,0.702637,-0.871094,0.345215
51495603358,0.550293,-0.856445,0.468262
51495633293,0.552734,-0.694336,0.529785
51495640185,0.350586,-0.617188,0.713867
51495663293,0.240723,-0.672363,0.746582
51495691812,0.256348,-0.677734,0.695312
51495708244,0.390625,-0.752441,0.536133
51495730779,0.467285,-0.854004,0.381348
51495745771,0.484375,-0.863281,0.352051
51495760115,0.499023,-0.794922,0.427246
51495783282,0.429199,-0.685547,0.523926
51495805830,0.33252,-0.635742,0.623047
51495834317,0.321777,-0.70166,0.677734
51495843270,0.328613,-0.708984,0.620117
51495865751,0.348145,-0.748535,0.537598
51495886869,0.445801,-0.776367,0.487305
51495910767,0.560059,-0.818848,0.390137
51495933301,0.547363,-0.819824,0.45166
51495946809,0.491211,-0.712402,0.539062
51495963262,0.395996,-0.648926,0.637207
51495985792,0.275391,-0.685059,0.712891
51496006799,0.251465,-0.663086,0.700684
51496023310,0.29248,-0.719238,0.625488
51496045762,0.416504,-0.80957,0.503418
51496066845,0.53418,-0.776367,0.393066
51496083326,0.609863,-0.824219,0.32666
51496113251,0.652832,-0.960449,0.339355
51496126633,0.516602,-0.68457,0.50293
51496143264,0.431152,-0.514648,0.636719
51496165839,0.247559,-0.633301,0.719727
51496188298,0.182617,-0.692383,0.753906
51496210728,0.183594,-0.695312,0.65918
51496225855,0.253906,-0.741211,0.621094
51496246848,0.434082,-0.795898,0.465332
51496263269,0.58252,-0.92627,0.326172
51496285875,0.616211,-0.894043,0.33252
51496314350,0.551758,-0.757324,0.441406
51496323287,0.48584,-0.612305,0.56543
51496345789,0.353516,-0.637207,0.715332
51496366874,0.191895,-0.737305,0.709961
51496391208,0.155762,-0.687988,0.679688
51496413291,0.194336,-0.729004,0.581055
51496428321,0.345703,-0.81543,0.508789
51496442705,0.517578,-0.812988,0.341309
51496465823,0.581543,-0.952637,0.217285
51496488288,0.487305,-0.838379,0.328613
51496502617,0.457031,-0.601074,0.468262
51496525838,0.328613,-0.572754,0.628906
51496548321,0.175781,-0.727051,0.685547
51496562632,0.0898438,-0.796875,0.643066
51496585842,0.123535,-0.751465,0.588867
51496615804,0.240723,-0.813477,0.510742
51496622682,0.425781,-0.868164,0.431641
51496653315,0.59082,-0.884766,0.316895
51496668272,0.602051,-0.837891,0.361328
51496690874,0.475098,-0.70166,0.513184
51496705804,0.312988,-0.522949,0.691895
51496734517,0.200684,-0.732422,0.73584
51496742654,0.166992,-0.788086,0.721191
51496765789,0.167969,-0.854492,0.579102
51496788359,0.26123,-0.957031,0.523926
51496809380,0.419922,-0.914551,0.45166
51496834147,0.558105,-0.876465,0.345703
51496848306,0.578125,-0.827637,0.332031
51496869388,0.471191,-0.788574,0.464844
51496893332,0.419434,-0.605957,0.593262
51496915822,0.327148,-0.678223,0.677246
51496930465,0.341309,-0.770996,0.626465
51496945811,0.311523,-0.866699,0.525391
51496968305,0.288086,-0.864746,0.48877
51496989459,0.330078,-0.821777,0.477051
51497005805,0.478027,-0.826172,0.456055
51497042695,0.522949,-0.800781,0.421875
51497049394,0.470215,-0.770508,0.38623
51497066492,0.438477,-0.767578,0.419922
51497094592,0.423828,-0.734375,0.495605
51497116878,0.348633,-0.743652,0.55127
51497125954,0.304688,-0.723633,0.616699
51497148411,0.408203,-0.84375,0.485352
51497170761,0.526855,-0.910645,0.333008
51497192066,0.51123,-0.922363,0.310059
51497208382,0.447754,-0.73877,0.393555
51497229426,0.470215,-0.685547,0.49707
51497245869,0.357422,-0.742676,0.563477
51497268284,0.344238,-0.729004,0.586426
51497296945,0.351562,-0.725586,0.561035
51497305878,0.368652,-0.791016,0.499512
51497328315,0.37793,-0.818848,0.4375
51497349484,0.365723,-0.801758,0.438477
51497373345,0.45459,-0.744629,0.417969
51497395809,0.492188,-0.728027,0.423828
51497409389,0.481445,-0.765625,0.451172
51497425150,0.443359,-0.72168,0.532715
51497454555,0.424316,-0.726074,0.52832
51497471241,0.430176,-0.788086,0.473145
51497485178,0.442871,-0.808105,0.42627
51497508337,0.43457,-0.826172,0.383301
51497530975,0.473145,-0.888184,0.363281
51497545205,0.380859,-0.803711,0.48584
51497568363,0.319336,-0.720215,0.570312
51497590907,0.380859,-0.808105,0.554688
51497605177,0.507324,-0.863281,0.421875
51497628334,0.536133,-0.810547,0.355469
51497651364,0.460449,-0.799805,0.405762
51497665165,0.482422,-0.775879,0.449219
51497688333,0.475586,-0.79248,0.496094
51497710880,0.550293,-0.802734,0.446777
51497732672,0.484863,-0.733887,0.417969
51497748501,0.42627,-0.727539,0.402832
51497778317,0.423828,-0.803711,0.466309
51497791960,0.41748,-0.823242,0.469727
51497808361,0.428223,-0.81543,0.387695
51497830809,0.47168,-0.869629,0.339355
51497851997,0.50293,-0.834961,0.347656
51497875855,0.42041,-0.836426,0.434082
51497890911,0.427246,-0.830078,0.441406
51497911949,0.459473,-0.868164,0.452637
51497928315,0.475098,-0.886719,0.433105
51497950936,0.434082,-0.874023,0.439453
51497979372,0.371582,-0.827148,0.429199
51497988321,0.356445,-0.841309,0.381348
51498010876,0.368164,-0.859375,0.386719
51498031912,0.358887,-0.881836,0.438965
51498054611,0.400391,-0.86084,0.453125
51498078308,0.472656,-0.828125,0.438965
51498091935,0.487305,-0.777344,0.461914
51498108421,0.491699,-0.76123,0.455566
51498130850,0.470215,-0.793457,0.470703
51498153349,0.469238,-0.805664,0.438965
51498168363,0.448242,-0.812988,0.453125
51498190992,0.391113,-0.819824,0.46582
51498212048,0.399902,-0.84375,0.473633
51498228330,0.412109,-0.826172,0.451172
51498258423,0.403809,-0.803223,0.398438
51498271721,0.391113,-0.730469,0.405273
51498287744,0.366211,-0.756348,0.503418
51498316993,0.42334,-0.769531,0.498535
51498333361,0.40332,-0.794434,0.492676
51498355943,0.40918,-0.77002,0.457031
51498370859,0.428711,-0.772949,0.445312
51498393363,0.415527,-0.773438,0.465332
51498407723,0.407227,-0.779297,0.552246
51498430828,0.476074,-0.799316,0.513184
51498453458,0.470703,-0.797363,0.522949
51498467781,0.465332,-0.736328,0.533691
51498490872,0.474121,-0.67334,0.543457
51498513354,0.452148,-0.70459,0.532227
51498534407,0.464355,-0.741211,0.553223
51498558401,0.490723,-0.73877,0.557129
51498580856,0.499512,-0.758301,0.539551
51498594414,0.477051,-0.724121,0.518555
51498610951,0.449707,-0.717773,0.532227
51498633355,0.472656,-0.718262,0.522461
51498654575,0.487305,-0.713867,0.546875
51498670945,0.46875,-0.65625,0.555176
51498693360,0.517578,-0.660645,0.528809
51498714483,0.464844,-0.783691,0.597168
51498730904,0.361328,-0.70166,0.634766
51498761030,0.40918,-0.665039,0.649902
51498782010,0.504883,-0.624512,0.557617
51498790826,0.47168,-0.628906,0.516113
51498813457,0.455566,-0.626953,0.535156
51498835959,0.479492,-0.653809,0.595215
51498858355,0.610352,-0.66748,0.564941
51498873431,0.710449,-0.622559,0.399414
51498894405,0.609375,-0.603516,0.483398
51498910854,0.399414,-0.694336,0.645508
51498934831,0.407715,-0.637207,0.694336
51498962156,0.54541,-0.625488,0.614258
51498970912,0.571289,-0.535645,0.489258
51498993369,0.56543,-0.534668,0.495117
51499014502,0.473145,-0.621094,0.637695
51499038378,0.49707,-0.639648,0.648926
51499059435,0.582031,-0.607422,0.59668
51499074588,0.61377,-0.600098,0.604492
51499090858,0.522949,-0.610352,0.718262
51499113478,0.481934,-0.580566,0.716309
51499135856,0.564941,-0.538574,0.643555
51499151846,0.588379,-0.572266,0.597168
51499173584,0.602051,-0.534668,0.583008
51499194433,0.587402,-0.57373,0.559082
51499210304,0.550293,-0.584961,0.556641
51499233378,0.537109,-0.574219,0.592285
51499254394,0.553711,-0.507812,0.611328
51499270260,0.561035,-0.541504,0.581055
51499293400,0.555664,-0.511719,0.598145
51499315960,0.575195,-0.518555,0.668945
51499338427,0.5625,-0.516602,0.687988
51499354653,0.537109,-0.507812,0.696777
51499375925,0.540527,-0.478516,0.671387
51499396902,0.604004,-0.411621,0.624512
51499413472,0.589355,-0.535156,0.638672
51499443360,0.529297,-0.575684,0.606934
51499450289,0.517578,-0.478516,0.649414
51499473432,0.527344,-0.482422,0.660156
51499495964,0.571777,-0.399414,0.586914
51499517127,0.592773,-0.384277,0.530762
51499540857,0.543945,-0.45752,0.589844
51499555880,0.508789,-0.502441,0.57373
51499570326,0.604492,-0.404785,0.547852
51499593395,0.681152,-0.416992,0.63623
51499615929,0.538086,-0.466797,0.796387
51499630339,0.538574,-0.455566,0.802246
51499653488,0.631836,-0.355957,0.709961
51499676028,0.727539,-0.359863,0.686035
51499696974,0.626465,-0.557129,0.758789
51499720982,0.554199,-0.489258,0.760742
51499743394,0.651367,-0.453125,0.709961
51499757611,0.664551,-0.378906,0.694336
51499773399,0.598633,-0.398438,0.702637
51499795966,0.537598,-0.452148,0.718262
51499818453,0.556152,-0.440918,0.667969
51499833569,0.629883,-0.379395,0.600586
51499856000,0.621094,-0.34082,0.598633
51499877008,0.625977,-0.319824,0.65625
51499893396,0.604004,-0.399414,0.696777
51499915711,0.609375,-0.402832,0.678711
51499937008,0.626953,-0.362305,0.705566
51499953382,0.587402,-0.407227,0.687988
51499975983,0.574219,-0.295898,0.708008
51499998389,0.600098,-0.281738,0.713379
51500013363,0.589355,-0.329102,0.729492
51500036027,0.600586,-0.421875,0.711426
51500056972,0.643066,-0.41748,0.691895
51500073613,0.628906,-0.351562,0.688965
51500095975,0.629883,-0.26416,0.703125
51500117004,0.602051,-0.313965,0.749023
51500133515,0.577148,-0.351074,0.77832
51500155964,0.586426,-0.331055,0.75
51500177210,0.644531,-0.285645,0.724121
51500200975,0.625,-0.312012,0.697266
51500215633,0.59082,-0.341309,0.664062
51500237225,0.571777,-0.311523,0.647949
51500259508,0.561035,-0.265625,0.617188
51500276031,0.550293,-0.253906,0.629883
51500298467,0.51709,-0.283691,0.641602
51500313444,0.525391,-0.250488,0.669434
51500336039,0.572266,-0.212891,0.659668
51500359095,0.665527,-0.154785,0.61084
51500372789,0.680664,-0.224609,0.588379
51500395974,0.646973,-0.237305,0.623047
51500418424,0.630371,-0.240723,0.627441
51500432914,0.618652,-0.245605,0.632324
51500455976,0.633301,-0.29248,0.629883
51500478573,0.618164,-0.361328,0.688477
51500500978,0.578125,-0.369629,0.820312
51500515973,0.618164,-0.348633,0.897461
51500538448,0.673828,-0.279785,0.966797
51500559464,0.707031,-0.239258,1.03369
51500576971,0.734375,-0.225586,1.02832
51500598467,0.720215,-0.212891,1.021
51500619486,0.709473,-0.271973,0.939941
51500636029,0.635254,-0.316406,0.835449
51500658444,0.584961,-0.298828,0.685059
51500679541,0.505859,-0.26709,0.602539
51500696017,0.415039,-0.28125,0.600586
51500718426,0.395996,-0.272949,0.599609
51500739534,0.432129,-0.244141,0.574219
51500755964,0.498047,-0.223145,0.596191
51500778512,0.529785,-0.244629,0.6875
51500799546,0.526855,-0.208496,0.79541
51500815953,0.520508,-0.191406,0.811035
51500838540,0.580566,-0.197266,0.827637
51500859477,0.577637,-0.213867,0.782715
51500877492,0.521973,-0.263672,0.740723
51500905977,0.488281,-0.223145,0.683105
51500927039,0.439941,-0.204102,0.673828
51500936160,0.481934,-0.188965,0.696777
51500958416,0.525879,-0.195801,0.706543
51500980977,0.490723,-0.252441,0.751953
51501003427,0.49707,-0.239746,0.804199
51501018438,0.561035,-0.243164,0.824707
51501039533,0.614746,-0.22998,0.882812
51501055971,0.568359,-0.170898,0.933105
51501078482,0.512207,-0.265137,1.00195
51501107064,0.514648,-0.306152,1.0083
51501115949,0.51416,-0.305176,0.960449
51501138453,0.547363,-0.300293,0.882812
51501159514,0.431152,-0.315918,0.884766
51501185079,0.30957,-0.341309,0.887207
51501205981,0.370117,-0.294922,0.75293
51501220947,0.420898,-0.212402,0.663574
51501235282,0.371582,-0.154785,0.621094
51501258490,0.292969,-0.203125,0.657715
51501281026,0.250488,-0.250488,0.73291
51501295305,0.23584,-0.25,0.779785
51501318411,0.29248,-0.225586,0.739746
51501341026,0.278809,-0.256348,0.738281
51501355321,0.216797,-0.321289,0.791992
51501378463,0.213379,-0.328125,0.789062
51501408474,0.189453,-0.375977,0.755371
51501415302,0.202637,-0.358887,0.727539
51501438501,0.227539,-0.319336,0.710449
51501460966,0.281738,-0.283691,0.714844
51501485669,0.374512,-0.265137,0.742188
51501498479,0.42041,-0.303711,0.67041
51501520933,0.450684,-0.291016,0.662109
51501559039,0.446289,-0.385742,0.691406
51501561453,0.482422,-0.51709,0.729004
51501580992,0.52002,-0.569336,0.775391
51501601882,0.585449,-0.618164,0.809082
51501618460,0.509766,-0.637207,0.838867
51501640989,0.475586,-0.657227,0.943848
51501662060,0.474609,-0.687988,1.03223
51501678466,0.572754,-0.748535,0.977539
51501700985,0.579102,-0.656738,0.936035
51501722049,0.57373,-0.630859,0.886719
51501738544,0.586914,-0.635254,0.821777
51501760980,0.535156,-0.744141,0.769531
51501782072,0.509766,-0.722168,0.687012
51501799034,0.417969,-0.74707,0.621582
51501821001,0.435547,-0.731934,0.567383
51501842216,0.397949,-0.683594,0.578125
51501858473,0.408203,-0.657227,0.560059
51501880994,0.47998,-0.588867,0.533203
51501902062,0.408691,-0.415039,0.578613
51501918496,0.35791,-0.413574,0.605957
51501940983,0.354004,-0.470703,0.631836
51501962090,0.354492,-0.484375,0.70166
51501978491,0.347168,-0.408691,0.777832
51502000993,0.53418,-0.553223,0.615723
51502022063,0.607422,-0.654297,0.523438
51502038441,0.640137,-0.831055,0.471191
51502061030,0.583008,-0.817871,0.546387
51502082029,0.540527,-0.726074,0.541504
51502104721,0.510254,-0.766113,0.552246
51502121003,0.527832,-0.763184,0.598633
51502143688,0.49707,-0.718262,0.687988
51502173527,0.511719,-0.661621,0.730469
51502189442,0.557617,-0.621582,0.722168
51502203472,0.600098,-0.620117,0.70752
51502217858,0.569824,-0.638672,0.652832
51502240985,0.570801,-0.651367,0.618164
51502263509,0.572266,-0.730957,0.577637
51502277794,0.562988,-0.672852,0.580566
51502301038,0.559082,-0.665039,0.57959
51502323497,0.489746,-0.695312,0.552734
51502337810,0.447266,-0.715332,0.572266
51502361455,0.45459,-0.615723,0.616211
51502383489,0.48877,-0.599609,0.594238
51502404748,0.507812,-0.629395,0.631836
51502421026,0.473145,-0.595703,0.649414
51502443989,0.523438,-0.628418,0.677246
51502466098,0.513184,-0.603027,0.748535
51502481005,0.508789,-0.568848,0.748047
51502503591,0.513672,-0.529297,0.748535
51502524545,0.530273,-0.577148,0.65332
51502540968,0.538574,-0.566895,0.621582
51502563575,0.350586,-0.4375,0.682129
51502584517,0.337891,-0.438965,0.595215
51502601006,0.49707,-0.458008,0.5625
51502629577,0.460938,-0.535645,0.501465
51502644521,0.839355,-0.97168,0.0449219
51502661107,1.16016,-0.930664,0.27002
51502683505,0.773438,-0.758301,0.470703
51502704706,0.538086,-0.489746,0.611328
51502721044,0.679199,-0.510254,0.748047
51502743523,0.566406,-0.581543,0.825684
51502764607,0.412598,-0.480957,0.878906
51502781041,0.364258,-0.394043,0.866211
51502803494,0.493164,-0.428711,0.709961
51502824709,0.498047,-0.534668,0.625
51502848532,0.427734,-0.498535,0.519531
51502871105,0.485352,-0.452148,0.421875
51502884622,0.577637,-0.535645,0.443848
51502900965,0.599121,-0.520996,0.477539
51502923715,0.575195,-0.421875,0.572266
51502946043,0.572266,-0.355469,0.671875
51502961081,0.48877,-0.410645,0.770996
51502983530,0.645996,-0.446289,0.638672
51503004555,0.733398,-0.502441,0.477051
51503020433,0.781738,-0.638184,0.296875
51503051010,0.674316,-0.779297,0.39209
51503072246,0.628418,-0.560059,0.572266
51503080389,0.653809,-0.343262,0.596191
51503103289,0.709473,-0.302246,0.655273
51503126062,0.651367,-0.310547,0.733887
51503148509,0.535156,-0.433594,0.629883
51503163591,0.578125,-0.460938,0.767578
51503186010,0.613281,-0.761719,0.613281
51503201089,0.580566,-0.54541,0.636719
51503224042,0.616699,-0.612305,0.708008
51503253502,0.566406,-0.647949,0.759277
51503260455,0.557617,-0.64502,0.773438
51503283526,0.555176,-0.590332,0.78125
51503306140,0.581055,-0.597168,0.695312
51503328624,0.513672,-0.469238,0.754395
51503351025,0.48584,-0.402832,0.768555
51503366205,0.399414,-0.349121,0.770996
51503387100,0.400879,-0.370605,0.792969
51503403515,0.480957,-0.361816,0.685547
51503426095,0.480957,-0.37793,0.608398
51503447077,0.398926,-0.554199,0.600586
51503463564,0.484375,-0.702148,0.458496
51503486032,0.516113,-0.956055,0.513184
51503507148,0.444824,-0.701172,0.700684
51503531085,0.472168,-0.452148,0.777344
51503553586,0.390137,-0.429688,0.845703
51503574630,0.422852,-0.28418,0.851074
51503583574,0.42334,-0.277832,0.915039
51503612263,0.400391,-0.323242,0.958008
51503627196,0.479492,-0.367188,0.885254
51503643527,0.538086,-0.335938,0.774902
51503666064,0.563477,-0.510742,0.594727
51503687134,0.560059,-0.54834,0.638672
51503705316,0.547363,-0.504883,0.659668
51503726084,0.322266,-0.271484,0.740723
51503746897,0.179688,-0.210449,0.719238
51503763533,0.338379,-0.318359,0.668457
51503768990,0.422363,-0.401367,0.655273
51503791451,0.433105,-0.488281,0.49707
51503814043,0.430664,-0.594238,0.509277
51503831864,0.382324,-0.605469,0.649414
51503854384,0.252441,-0.39502,0.744141
51503874145,0.331543,-0.349121,0.799805
51503894763,0.341797,-0.448242,0.807129
51503914633,0.380371,-0.489746,0.780762
51503934663,0.367188,-0.448242,0.794922
51503957776,0.148438,-0.569824,0.906738
51503980441,0.709473,-0.589355,1.32275
51503994607,-0.0375977,-0.647461,0.199219
51504009657,0.483887,-0.791992,1.53955
51504031497,0.922363,-0.515625,0.460449
51504054573,-0.0405273,-0.527832,0.186035
51504069062,0.0708008,-0.636719,1.4375
51504091448,0.495117,-0.400879,0.393555
51504114556,0.310547,-0.499023,0.694336
51504129152,0.483398,-0.584961,0.686523
51504151423,0.522949,-0.645996,0.483887
51504182856,0.430664,-0.689453,0.537109
51504188890,0.378418,-0.665527,0.64209
51504212410,0.320801,-0.678223,0.716309
51504234731,0.537109,-0.915527,1.09082
51504257114,0.795898,-0.776367,1.35938
51504271467,0.655273,-0.678223,0.627441
51504297265,0.529785,-0.72168,0.777832
51504299684,0.310547,-0.499023,0.694336
51504313092,0.483398,-0.584961,0.686523
51504320839,0.586426,-0.659668,0.543945
51504334576,0.594727,-0.670898,0.433105
51504354896,0.450195,-0.730469,0.504395
51504368976,0.333008,-0.780273,0.613281
51504391617,0.349609,-0.774902,0.607422
51504414613,0.304199,-0.865234,0.648926
51504437278,0.230957,-0.756836,0.572754
51504460262,0.158203,-0.818359,0.604492
51504474610,0.26416,-0.734863,0.539062
51504489023,0.357422,-0.880859,0.509277
51504511440,0.417969,-0.772949,0.401855
51504534770,0.449219,-0.858887,0.373047
51504557114,0.473145,-0.898438,0.447266
51504571461,0.543457,-0.886719,0.516602
51504594790,0.430664,-0.72168,0.63623
51504617141,0.44873,-0.688965,0.672363
51504631470,0.265625,-0.606445,0.783203
51504655328,0.47998,-0.711426,0.711914
51504677109,0.417969,-0.734863,0.649414
51504691453,0.449707,-0.643066,0.557617
51504714626,0.475098,-0.699707,0.442871
51504737804,0.543457,-0.776855,0.358398
51504751492,0.355469,-0.849121,0.469727
51504774008,0.273926,-0.785156,0.553711
51504796504,0.359863,-0.688477,0.574219
51504811459,0.317383,-0.726074,0.669922
51504834134,0.33252,-0.708008,0.636719
51504865371,0.304199,-0.679688,0.635254
51504871468,0.432129,-0.754883,0.46582
51504894072,0.48877,-0.793945,0.441406
51504919338,0.466797,-0.879883,0.400391
51504931484,0.404785,-0.852539,0.492676
51504954201,0.335938,-0.773926,0.566895
51504976516,0.315918,-0.725586,0.591797
51504994571,0.291992,-0.741211,0.697754
51505014034,0.29248,-0.709961,0.695312
51505036637,0.297363,-0.742188,0.647949
51505051668,0.388184,-0.802734,0.501465
51505073956,0.427246,-0.816895,0.404785
51505096500,0.412598,-0.86377,0.399414
51505112970,0.350098,-0.871094,0.499512
51505141587,0.231445,-0.86377,0.603027
51505156492,0.171387,-0.790527,0.67041
51505172960,0.183594,-0.71582,0.766113
51505196964,0.275879,-0.755371,0.689453
51505219393,0.397461,-0.712402,0.620117
51505240549,0.384766,-0.693359,0.42627
51505254116,0.306152,-0.733398,0.40625
51505276504,0.314453,-0.81543,0.436035
51505294646,0.364746,-0.818848,0.474121
51505314003,0.38623,-0.780762,0.562988
51505344861,0.350586,-0.716309,0.658203
51505353035,0.260742,-0.691895,0.75
51505374011,0.262695,-0.722656,0.790039
51505396547,0.446289,-0.779785,0.646484
51505420470,0.460449,-0.617188,0.453125
51505434009,0.263184,-0.614258,0.399414
51505459527,0.239258,-0.762207,0.452637
51505474373,0.273926,-0.80957,0.544922
51505497114,0.288574,-0.821289,0.626953
51505519422,0.263672,-0.817871,0.683594
51505534498,0.195312,-0.734863,0.767578
51505554173,0.272949,-0.704102,0.680176
51505576498,0.305664,-0.657715,0.672852
51505594419,0.352051,-0.766113,0.522949
51505614000,0.325195,-0.785156,0.535156
51505644195,0.369629,-0.812012,0.525391
51505659116,0.392578,-0.850098,0.563965
51505681521,0.314453,-0.793457,0.641113
51505699436,0.284668,-0.549316,0.70166
51505721973,0.226074,-0.655273,0.732422
51505733978,0.19873,-0.675781,0.739258
51505756510,0.199707,-0.772949,0.653809
51505778963,0.265137,-0.733398,0.64209
51505794161,0.237305,-0.775391,0.572266
51505824030,0.275391,-0.791016,0.572754
51505847882,0.290527,-0.810547,0.570801
51505854106,0.374023,-0.823242,0.508789
51505876512,0.388184,-0.789062,0.51709
51505900516,0.279785,-0.675781,0.598145
51505921531,0.287109,-0.646484,0.609863
51505936494,0.295898,-0.723633,0.675293
51505959148,0.327148,-0.683105,0.663086
51505977027,0.314453,-0.620117,0.687988
51505999479,0.319336,-0.729004,0.655273
51506027813,0.374023,-0.741211,0.614258
51506034006,0.37207,-0.678223,0.579102
51506056530,0.433105,-0.774902,0.486328
51506080452,0.383301,-0.805664,0.504395
51506101509,0.335938,-0.779297,0.566895
51506116507,0.317383,-0.670898,0.657227
51506139848,0.343262,-0.680176,0.725098
51506154038,0.294434,-0.583984,0.791016
51506179461,0.394043,-0.655762,0.699707
51506201991,0.40332,-0.580078,0.611328
51506215461,0.381836,-0.716797,0.446777
51506236471,0.344238,-0.763672,0.470215
51506259041,0.40625,-0.780273,0.495605
51506274010,0.440918,-0.717773,0.578125
51506304031,0.409668,-0.671387,0.662109
51506327864,0.289062,-0.651367,0.766113
51506334029,0.230469,-0.642578,0.824707
51506358046,0.254883,-0.649414,0.727539
51506390424,0.318359,-0.625977,0.618164
51506404523,0.252441,-0.616699,0.491211
51506416596,0.210938,-0.708008,0.419922
51506439020,0.169922,-0.919922,0.789062
51506464460,0.151855,-0.845703,0.958984
51506479472,-0.322266,-0.787109,0.743652
51506499000,0.491699,-0.575684,0.374023
51506515491,0.660645,-0.831055,1.2373
51506536539,-0.369141,-0.710449,0.817383
51506558975,0.717285,-0.431641,0.425293
51506582956,0.572266,-0.691895,0.923828
51506604000,-0.394531,-0.776855,0.382324
51506627295,0.626953,-0.693848,0.324219
51506635458,0.427246,-0.896973,1.04004
51506656754,-0.253418,-0.724609,0.515625
51506681986,0.788574,-0.657227,0.573242
51506695475,0.314941,-0.890625,1.19775
51506716557,0.288086,-0.538574,0.735352
51506739012,0.296875,-0.645996,0.712891
51506757161,0.37207,-0.600098,0.528809
51506776534,0.159668,-0.584961,0.485352
51506799056,0.208496,-0.740234,0.47168
51506816993,0.325195,-0.759766,0.546875
51506836548,0.314941,-0.736328,0.677246
51506862157,0.262695,-0.747559,0.778809
51506884486,0.259277,-0.772949,0.813477
51506896576,0.372559,-0.701172,0.767578
51506921976,0.370605,-0.687012,0.671875
51506936955,0.311035,-0.535156,0.485352
51506959686,0.188965,-0.575684,0.397949
51506979096,0.206543,-0.798828,0.428223
51507010575,0.274902,-0.831055,0.51709
51507016614,0.322266,-0.744141,0.599609
51507039042,0.30957,-0.70752,0.698242
51507061568,0.228516,-0.766113,0.777832
51507084132,0.125,-0.706055,0.809082
51507099040,0.173828,-0.66748,0.727051
51507121746,0.283691,-0.645996,0.584473
51507136571,0.229004,-0.70459,0.570801
51507162189,0.277344,-0.858887,0.509766
51507181641,0.351074,-0.926758,0.52832
51507196582,0.325195,-0.820801,0.616211
51507235406,0.313477,-0.733398,0.647949
51507241530,0.308105,-0.721191,0.707031
51507256536,0.296387,-0.678223,0.683105
51507286603,0.248535,-0.702148,0.765625
51507310433,0.162109,-0.709473,0.769043
51507316643,0.241699,-0.692383,0.708984
51507339079,0.349121,-0.651855,0.59082
51507364561,0.366699,-0.865723,0.461914
51507376611,0.277832,-0.9375,0.487793
51507399024,0.297363,-0.845703,0.49707
51507421598,0.262207,-0.76709,0.571289
51507436568,0.249512,-0.795898,0.683594
51507462030,0.119629,-0.651367,0.726562
51507490411,0.100098,-0.623535,0.79834
51507496554,0.227051,-0.772461,0.697754
51507519046,0.261719,-0.794922,0.621582
51507541554,0.37793,-0.843262,0.387207
51507565508,0.299805,-0.926758,0.448242
51507586597,0.245605,-0.82959,0.585938
51507601520,0.256348,-0.786621,0.659668
51507618021,0.25,-0.769531,0.743164
51507639035,0.197266,-0.630371,0.753906
51507664492,0.162598,-0.720703,0.709473
51507678002,0.220215,-0.761719,0.62793
51507699103,0.175293,-0.763184,0.582031
51507721598,0.270996,-0.80127,0.496582
51507738054,0.373047,-0.82373,0.445801
51507759093,0.391113,-0.77002,0.496094
51507781639,0.342773,-0.712891,0.569824
51507798043,0.259766,-0.638184,0.688477
51507819074,0.252441,-0.604492,0.750977
51507844492,0.166992,-0.622559,0.817871
51507860114,0.360352,-0.685059,0.707031
51507879107,0.243652,-0.716797,0.742188
51507901657,0.324707,-0.693359,0.631348
51507920016,0.478516,-0.764648,0.456543
51507940533,0.5,-0.851074,0.374512
51507969085,0.25,-0.709961,0.564941
51507979686,0.242188,-0.664062,0.652344
51507999068,0.3125,-0.65332,0.687988
51508021618,0.230957,-0.580566,0.780762
51508039510,0.240723,-0.652344,0.762695
51508067142,0.29834,-0.697266,0.729492
51508081656,0.31543,-0.703125,0.619629
51508099494,0.424316,-0.867188,0.49707
51508120561,0.373047,-0.879883,0.594727
51508144500,0.324219,-0.799316,0.65918
51508159517,0.275391,-0.67627,0.738281
51508179303,0.333496,-0.672363,0.758789
51508201591,0.274414,-0.574219,0.739746
51508224118,0.347168,-0.645996,0.673828
51508255419,0.390137,-0.760742,0.601074
51508269661,0.414062,-0.700684,0.549316
51508292927,0.449219,-0.76123,0.543457
51508299120,0.436035,-0.728516,0.549805
51508321615,0.381348,-0.647461,0.601562
51508345549,0.333008,-0.619141,0.67627
51508359093,0.416992,-0.691895,0.640625
51508381630,0.452148,-0.662109,0.610352
51508404113,0.411133,-0.587402,0.584961
51508422078,0.300781,-0.610352,0.588379
51508441644,0.394043,-0.65918,0.535156
51508472222,0.498047,-0.685059,0.519531
51508480640,0.469238,-0.666992,0.543457
51508501632,0.433594,-0.594727,0.57373
51508524119,0.53125,-0.67041,0.583008
51508548055,0.574707,-0.620117,0.56543
51508569119,0.543457,-0.608398,0.581055
51508584225,0.546387,-0.633789,0.613281
51508602041,0.52002,-0.608887,0.629395
51508621575,0.607422,-0.640137,0.572266
51508644147,0.597656,-0.603516,0.551758
51508663443,0.73584,-0.6875,0.458984
51508681629,0.63623,-0.635254,0.523438
51508704170,0.522949,-0.591309,0.615234
51508720551,0.459961,-0.520996,0.688965
51508749181,0.501953,-0.55127,0.674316
51508773070,0.540039,-0.568359,0.624023
51508780565,0.519043,-0.633301,0.57373
51508804521,0.514648,-0.627441,0.533691
51508827006,0.585449,-0.623047,0.515137
51508842032,0.567871,-0.626953,0.531738
51508861544,0.477539,-0.571289,0.649902
51508885552,0.508789,-0.563965,0.689941
51508902026,0.623047,-0.58252,0.64502
51508921632,0.647461,-0.549805,0.571289
51508951656,0.531738,-0.569824,0.606934
51508962027,0.424805,-0.581055,0.678223
51508981590,0.44043,-0.55957,0.714355
51509004120,0.494629,-0.558594,0.681152
51509029723,0.708984,-0.564453,0.527832
51509049131,0.672363,-0.572266,0.500488
51509064172,0.444336,-0.458496,0.646973
51509082053,0.362793,-0.577637,0.734375
51509104519,0.411133,-0.392578,0.76416
51509124191,0.379395,-0.485352,0.819824
51509142053,0.447754,-0.505371,0.696777
51509161631,0.395508,-0.503906,0.668945
51509184103,0.421875,-0.5,0.630859
51509202045,0.470215,-0.543457,0.617676
51509229157,0.615723,-0.541504,0.541016
51509251724,0.552734,-0.497559,0.658203
51509262031,0.457031,-0.50293,0.712402
51509281629,0.444336,-0.491699,0.728027
51509307048,0.469727,-0.489258,0.726562
51509329529,0.506836,-0.441406,0.702637
51509341773,0.525879,-0.436523,0.756348
51509364152,0.498535,-0.306641,0.76123
51509382048,0.331055,-0.444824,0.834961
51509404548,0.396973,-0.585449,0.771973
51509424118,0.477051,-0.530762,0.755371
51509455001,0.459473,-0.444824,0.794922
51509463105,0.510742,-0.466797,0.749512
51509484140,0.358398,-0.54248,0.715332
51509509558,0.258301,-0.600098,0.790039
51509523062,0.288574,-0.556641,0.855957
51509544143,0.455078,-0.533691,0.788574
51509566635,0.528809,-0.501465,0.658203
51509586813,0.357422,-0.477539,0.719727
51509607167,0.409668,-0.483887,0.59668
51509634784,0.54834,-0.683594,0.46582
51509643127,0.61084,-0.967285,0.352051
51509664154,0.28418,-0.719238,0.686523
51509686736,0.365723,-0.365723,0.661621
51509712552,0.486328,-0.317871,0.736816
51509731622,0.402344,-0.461426,0.805664
51509746736,0.294922,-0.492188,0.852539
51509764616,0.274414,-0.457031,0.78418
51509789442,0.345703,-0.55957,0.672363
51509809542,0.433594,-0.597656,0.584961
51509824522,0.427734,-0.684082,0.668457
51509844352,0.329102,-0.676758,0.724609
51509869554,0.366211,-0.521484,0.769043
51509884581,0.427734,-0.481934,0.777832
51509914554,0.356445,-0.455566,0.791016
51509937114,0.242188,-0.521973,0.888184
51509944535,0.212402,-0.459961,0.861816
51509964349,0.430176,-0.596191,0.722656
51509990530,0.489746,-0.75,0.588867
51510017992,0.212402,-0.687012,0.774902
51510024122,0.17041,-0.611328,0.850586
51510046678,0.26123,-0.505371,0.895508
51510064598,0.322266,-0.505859,0.857422
51510085608,0.307617,-0.443359,0.858398
51510106639,0.32373,-0.531738,0.786133
51510124569,0.297363,-0.563477,0.737793
51510144106,0.335449,-0.629395,0.671875
51510169602,0.316406,-0.626465,0.700195
51510184588,0.274902,-0.602539,0.790039
51510211662,0.380859,-0.601074,0.779297
51510237093,0.408203,-0.447266,0.750488
51510244605,0.367188,-0.458496,0.70752
51510264170,0.312988,-0.554199,0.76416
51510289574,0.26123,-0.595215,0.768066
51510304585,0.307617,-0.554199,0.74707
51510324191,0.360352,-0.5625,0.711426
51510346661,0.29248,-0.542969,0.768555
51510364603,0.274414,-0.550293,0.771973
51510385619,0.310059,-0.550781,0.74707
51510406638,0.347168,-0.536621,0.714355
51510424583,0.299316,-0.546387,0.742676
51510445561,0.281738,-0.586914,0.76709
51510466682,0.306152,-0.615234,0.786621
51510492068,0.361816,-0.572266,0.770996
51510514579,0.361328,-0.582031,0.739258
51510526615,0.30127,-0.592773,0.769043
51510544528,0.3125,-0.626465,0.812012
51510567115,0.334961,-0.658691,0.811523
51510586704,0.360352,-0.643555,0.794922
51510604587,0.333008,-0.594727,0.798828
51510627121,0.290527,-0.583008,0.827637
51510646655,0.353027,-0.609863,0.82959
51510669189,0.374512,-0.580566,0.86377
51510693121,0.383301,-0.568359,0.890137
51510714175,0.357422,-0.563965,0.85791
51510729162,0.342773,-0.556152,0.808105
51510747050,0.359375,-0.542969,0.806152
51510770090,0.351074,-0.504883,0.772949
51510789130,0.293945,-0.448242,0.779785
51510807088,0.27832,-0.424316,0.779785
51510826675,0.271484,-0.462402,0.796875
51510849169,0.273926,-0.525879,0.859375
51510867065,0.313477,-0.477539,0.844238
51510894201,0.416504,-0.455078,0.893555
51510916659,0.405762,-0.496582,0.930664
51510927138,0.312988,-0.484375,0.963867
51510946639,0.280762,-0.461914,0.929199
51510972104,0.358887,-0.449707,0.817871
51510994568,0.331543,-0.42041,0.739746
51511006763,0.267578,-0.427246,0.768066
51511029157,0.247559,-0.474121,0.76416
51511047076,0.314453,-0.446777,0.794434
51511069617,0.302246,-0.290039,0.832031
51511096671,0.226562,-0.226074,0.900879
51511109023,0.259766,-0.296875,0.887695
51511126707,0.291016,-0.274414,0.899414
51511149158,0.316895,-0.279297,0.861328
51511174685,0.320312,-0.271973,0.889648
51511186732,0.356934,-0.271484,0.854492
51511209204,0.384277,-0.29248,0.828125
51511227117,0.27002,-0.311523,0.873535
51511249619,0.172852,-0.200195,0.890137
51511272278,0.241211,-0.172852,0.883789
51511287125,0.314453,-0.0927734,0.830566
51511308103,0.314453,-0.0878906,0.80127
51511329382,0.336914,-0.114746,0.799316
51511347117,0.344727,-0.170898,0.818359
51511368312,0.360352,-0.193848,0.837891
51511396701,0.297852,-0.221191,0.84668
51511407088,0.276367,-0.200684,0.876465
51511428192,0.289551,-0.208008,0.875977
51511449162,0.303223,-0.157715,0.869629
51511471883,0.296875,-0.191895,0.893066
51511488176,0.338867,-0.138184,0.964844
51511509252,0.332031,-0.172852,1.07959
51511527283,0.3125,-0.191406,1.09473
51511548205,0.333008,-0.194336,1.06982
51511576869,0.293457,-0.205078,1.02246
51511587215,0.253418,-0.14502,0.943359
51511609636,0.249023,-0.121094,0.855957
51511629325,0.269531,-0.171387,0.820801
51511654587,0.37207,-0.181641,0.830566
51511669666,0.327148,-0.147461,0.923828
51511689382,0.229492,-0.0644531,1.01074
51511707082,0.240234,-0.0307617,0.964355
51511729828,0.324219,-0.0874023,0.946777
51511749220,0.374023,-0.0751953,0.893555
51511767086,0.349121,-0.0805664,0.896973
51511789716,0.321289,-0.140625,0.923828
51511809180,0.383789,-0.150391,0.907715
51511827179,0.383301,-0.116211,0.930176
51511849620,0.333496,-0.164062,0.977539
51511876858,0.269043,-0.0302734,0.969727
51511887281,0.26709,-0.0214844,0.931641
51511909583,0.345703,-0.03125,0.923828
51511929372,0.336914,-0.0263672,0.94043
51511954634,0.304688,-0.0556641,0.955566
51511969650,0.313477,-0.0742188,0.915039
51511989230,0.381348,-0.0708008,0.884766
51512011701,0.364258,-0.0996094,0.918945
51512030242,0.317871,-0.0410156,0.975586
51512049267,0.28418,0.0249023,0.975586
51512079266,0.304199,-0.0546875,0.912109
51512089705,0.293457,0.000488281,0.919922
51512109171,0.286621,0.0131836,0.915039
51512131682,0.312012,0.0151367,0.905273
51512157107,0.335938,0.00244141,0.884766
51512176730,0.347656,-0.0424805,0.852539
51512191774,0.321777,0.0136719,0.897461
51512210076,0.301758,0.0390625,0.970703
51512232136,0.318359,0.0751953,0.954102
51512251795,0.336426,0.0498047,0.90332
51512269581,0.350586,0.0600586,0.869629
51512290738,0.368652,0.0654297,0.847656
51512311705,0.373535,0.0957031,0.843262
51512329731,0.416016,0.0795898,0.805664
51512358161,0.48291,0.0791016,0.794922
51512371717,0.551758,0.081543,0.879395
51512389643,0.425293,0.0610352,0.963867
51512418161,0.366699,0.0869141,0.96582
51512434726,0.414062,0.0947266,0.90918
51512457149,0.401367,0.0795898,0.881348
51512470646,0.333496,0.102539,0.923828
51512491885,0.258789,0.081543,0.921875
51512517158,0.242676,0.0844727,0.911621
51512530738,0.286621,0.090332,0.937012
51512559273,0.328125,0.143066,0.897461
51512569639,0.284668,0.163086,0.933105
51512592159,0.279297,0.146973,0.924805
51512619257,0.324219,0.141602,0.916992
51512637300,0.333496,0.144043,0.925293
51512659669,0.315918,0.150391,0.930176
51512671684,0.333496,0.134277,0.92627
51512690130,0.335449,0.182129,0.896484
51512712147,0.320801,0.169922,0.911621
51512734706,0.321777,0.175781,0.958984
51512749687,0.327148,0.202637,0.963379
51512772180,0.341309,0.223633,0.914551
51512791769,0.374512,0.205566,0.902344
51512809651,0.37793,0.208496,0.906738
51512839784,0.349609,0.232422,0.898926
51512859267,0.403809,0.254395,0.866211
51512869632,0.402832,0.291504,0.855469
51512892393,0.385742,0.280273,0.858887
51512914666,0.397461,0.311035,0.803223
51512937258,0.395996,0.259766,0.759277
51512952317,0.407715,0.230957,0.728027
51512971725,0.356445,0.198242,0.771973
51512989698,0.288086,0.238281,0.779297
51513012196,0.379395,0.364746,0.712402
51513031730,0.408203,0.333008,0.728027
51513049710,0.353516,0.292969,0.773926
51513072150,0.333008,0.279785,0.82959
51513091878,0.392578,0.155762,0.792969
51513117226,0.439453,0.166016,0.737793
51513139665,0.392578,0.316406,0.794434
51513151823,0.377441,0.352539,0.845703
51513174248,0.40332,0.286133,0.873535
51513192152,0.389648,0.237793,0.873535
51513214695,0.386719,0.272949,0.887695
51513234266,0.348145,0.23291,0.893555
51513252242,0.300781,0.20166,0.873535
51513273205,0.272949,0.213867,0.844727
51513294448,0.260742,0.221191,0.767578
51513312254,0.258301,0.206543,0.748047
51513340785,0.264648,0.210449,0.755371
51513354438,0.271973,0.166504,0.751953
51513372197,0.277832,0.166016,0.777344
51513393260,0.262207,0.144531,0.821289
51513417232,0.262695,0.118164,0.857422
51513433168,0.291016,0.197266,0.862793
51513453278,0.26416,0.164551,0.873047
51513474308,0.211426,0.132812,0.912598
51513492224,0.212402,0.0839844,0.930176
51513514809,0.298828,0.112305,0.933594
51513541846,0.264648,0.0942383,0.933594
51513552373,0.195312,0.0556641,0.923828
51513574670,0.277344,0.0585938,0.972656
51513594306,0.339844,0.0283203,0.970703
51513619718,0.258789,0.0307617,1.00928
51513634673,0.248047,-0.0463867,0.988281
51513654392,0.280273,-0.0771484,0.993652
51513672657,0.249512,-0.0107422,1.00439
51513695162,0.215332,-0.00830078,0.945801
51513714339,0.1875,-0.00195312,0.960938
51513732171,0.174316,0.00292969,1.00586
51513754740,0.200195,-0.0283203,1.04932
51513774302,0.297852,-0.0439453,0.992188
51513799676,0.333008,-0.0380859,0.941895
51513820730,0.322266,-0.0957031,0.978027
51513834241,0.25,-0.236328,1.03125
51513852260,0.302246,-0.293457,0.986328
51513874660,0.362793,-0.260742,0.928223
51513894293,0.647461,-0.237793,0.663086
51513912418,0.621582,-0.180176,0.616699
51513934670,0.312988,-0.237793,0.787598
51513954527,0.326172,-0.167969,0.876465
51513972228,0.333496,-0.150391,0.897949
51513994658,0.307617,-0.17334,0.945801
51514022004,0.208496,-0.221191,0.95752
51514047740,0.169922,-0.311523,0.916992
51514054684,0.376953,-0.234863,0.891602
51514077203,0.617188,-0.276367,0.700195
51514099689,0.474121,-0.385254,0.73877
51514122322,0.357422,-0.40625,0.856934
51514135752,0.438477,-0.341797,0.885742
51514152216,0.456055,-0.263672,0.887207
51514174722,0.401367,-0.259277,0.911133
51514195715,0.388184,-0.289062,0.894043
51514212370,0.291016,-0.312012,0.890625
51514249805,0.355957,-0.344238,0.80957
51514255917,0.455078,-0.351562,0.796387
51514276819,0.42041,-0.411621,0.766602
51514299253,0.381836,-0.486816,0.745605
51514323296,0.351074,-0.521484,0.772949
51514336810,0.356934,-0.471191,0.791504
51514354821,0.36377,-0.425781,0.791016
51514377251,0.32666,-0.40625,0.770508
51514396802,0.303711,-0.432617,0.700684
51514414743,0.30957,-0.511719,0.694824
51514435794,0.30127,-0.555176,0.760742
51514456857,0.223145,-0.572754,0.81543
51514474837,0.195801,-0.555176,0.829102
51514504762,0.148438,-0.60791,0.880859
51514524427,0.215332,-0.631348,0.96582
51514534638,0.428711,-0.633301,0.755859
51514581094,0.421387,-0.494141,0.722168
51514585780,0.402344,-0.541992,0.68457
51514601424,0.303223,-0.612305,0.800293
51514616423,0.269531,-0.622559,0.819336
51514637480,0.241211,-0.531738,0.819824
51514655978,0.172363,-0.504883,0.842285
51514676481,0.19873,-0.588379,0.820801
51514704964,0.174805,-0.629883,0.851074
51514714035,0.356445,-0.56543,0.604004
51514736408,0.323242,-0.662598,0.570801
51514757432,0.157227,-0.773926,0.64502
51514781434,0.28125,-0.680176,0.702148
51514803943,0.247559,-0.637207,0.76416
51514817529,0.199707,-0.62207,0.775879
51514840034,0.12793,-0.611816,0.749023
51514856857,0.268066,-0.598145,0.701172
51514879027,0.400391,-0.685547,0.481934
51514893952,0.301758,-0.765625,0.528809
51514916254,0.17041,-0.831543,0.583496
51514937506,0.271973,-0.780762,0.575195
51514955408,0.217285,-0.836426,0.630371
51514976948,0.15918,-0.742188,0.768066
51515005005,0.114746,-0.715332,0.857422
51515013971,0.222656,-0.666016,0.809082
51515036460,0.339844,-0.64209,0.64209
51515059891,0.467285,-0.65332,0.560059
51515081458,0.374023,-0.930664,0.584473
51515096433,0.310547,-0.864258,0.666016
51515117658,0.29248,-0.868164,0.67627
51515133792,0.217773,-0.747559,0.743164
51515157853,0.222656,-0.821289,0.757812
51515177705,0.120117,-0.960938,0.618164
51515193303,0.375977,-0.758789,0.437988
51515216975,0.275879,-0.933105,0.540527
51515237757,0.193848,-0.875977,0.712402
51515261420,0.0947266,-0.876953,0.841797
51515283984,0.376953,-0.579102,0.729004
51515297514,0.378418,-0.67627,0.617188
51515320024,0.448242,-0.747559,0.480469
51515337043,0.307617,-0.944824,0.418945
51515360600,0.186523,-0.94873,0.417969
51515380055,0.119141,-1.04834,0.508301
51515396495,0.111816,-0.856445,0.567871
51515434749,0.28418,-0.562988,0.656738
51515440006,0.0390625,-0.678223,0.612793
51515463961,0.364258,-0.87207,0.613281
51515486537,0.285156,-0.884277,0.570312
51515508964,0.297852,-0.641113,0.661621
51515516459,0.347168,-0.666992,0.632324
51515538982,0.429688,-0.796387,0.641113
51515560735,0.314453,-0.814941,0.592773
51515576983,0.191895,-0.77002,0.495117
51515598986,0.0444336,-0.783203,0.535645
51515620037,0.0566406,-0.894531,0.511719
51515636479,0.0976562,-0.749512,0.537109
51515658940,0.238281,-0.741211,0.433594
51515680615,0.321289,-0.721191,0.444336
51515713005,0.412598,-0.740234,0.536621
51515718930,0.365723,-0.614258,0.624023
51515741471,0.397949,-0.58252,0.629395
51515764943,0.408203,-0.761719,0.595215
51515779030,0.237793,-0.836426,0.645508
51515800044,0.240723,-0.778809,0.658691
51515816447,0.483887,-0.886719,0.407227
51515839489,0.473633,-1.0415,0.283691
51515860000,0.446289,-0.985352,0.237305
51515876481,0.458984,-0.581055,0.368652
51515914577,0.439453,-0.583496,0.407715
51515920609,0.51416,-0.813965,0.404297
51515937857,0.501465,-0.733887,0.445312
51515967441,0.331055,-0.605957,0.619629
51515989012,0.0405273,-0.623535,0.800781
51515996508,0.204102,-0.824707,0.61084
51516018964,0.266602,-0.927734,0.577148
51516041440,0.078125,-0.781738,0.664551
51516063939,0.154297,-0.858398,0.692383
51516079130,0.565918,-0.885742,0.593262
51516100063,0.544434,-0.851074,0.594727
51516116975,0.334473,-0.672852,0.684082
51516139055,0.137207,-0.583496,0.862793
51516167489,0.319824,-0.544922,0.839844
51516176501,0.481445,-0.707031,0.745117
51516199042,0.479492,-0.787598,0.682129
51516220041,0.565918,-0.79834,0.652832
51516251490,0.550293,-0.779785,0.647949
51516266468,0.696289,-1.12598,0.258789
51516280227,0.594238,-0.937988,0.379883
51516303986,0.512207,-0.936035,0.302734
51516318948,0.510254,-0.908203,0.29541
51516340045,0.53418,-0.841309,0.353516
51516355890,0.475586,-0.659668,0.314453
51516385044,0.58252,-0.328125,0.423828
51516401495,0.453125,-0.422363,0.605469
51516415823,0.27002,-0.710449,0.582031
51516446535,-0.0830078,-0.625,0.51416
51516469052,-0.324707,-0.266602,0.624023
51516476797,0.0498047,-0.351562,0.921387
51516499007,0.372559,-0.685547,0.914551
51516521451,0.356445,-0.775879,0.746582
51516535832,0.358398,-0.796875,0.692383
51516559027,0.458984,-0.726074,0.736328
51516619544,0.468262,-0.708496,0.72168
51516621936,0.569824,-0.71875,0.561523
51516649052,0.698242,-0.917969,0.274414
51516671442,0.707031,-0.883301,0.230957
51516679040,0.408691,-0.757812,0.378906
51516701527,0.411621,-0.569336,0.419434
51516729873,0.425781,-0.556152,0.57666
51516748008,0.373535,-0.646484,0.651367
51516761514,0.168457,-0.539062,0.786621
51516782645,0.275879,-0.542969,0.609375
51516799103,0.326172,-0.766113,0.354004
51516821495,0.178711,-1.06641,0.27832
51516859772,0.262207,-0.814941,0.379395
51516862040,0.498047,-0.666016,0.473633
51516883181,0.48877,-0.727539,0.543945
51516902560,0.214355,-0.694824,0.665527
51516926484,0.0512695,-0.54248,0.713867
51516949164,0.322266,-0.64502,0.745117
51516962676,0.499023,-0.785156,0.710938
51516978977,0.538574,-0.898926,0.672852
51517001558,0.350098,-0.774414,0.657715
51517022571,0.342285,-0.749023,0.579102
51517038963,0.505371,-0.918945,0.506836
51517061606,0.537109,-0.931152,0.476562
51517085590,0.467285,-0.848633,0.509277
51517105248,0.454102,-0.694824,0.558105
51517121502,0.634766,-0.796387,0.333496
51517159735,0.586426,-0.769531,0.344727
51517162040,0.324219,-0.731934,0.413574
51517181493,0.303223,-0.705078,0.45752
51517204743,0.384277,-0.744141,0.503906
51517226502,0.276855,-0.833008,0.59668
51517241490,0.15625,-0.740234,0.694336
51517262683,0.0771484,-0.605957,0.786133
51517278341,0.0585938,-0.595215,0.761719
51517302994,0.377441,-0.752441,0.640625
51517324020,0.436035,-0.978027,0.42627
51517362907,0.227539,-0.93457,0.455566
51517375748,0.310547,-0.916016,0.460449
51517384013,0.574219,-0.740723,0.530273
51517406527,0.387207,-0.670898,0.622559
51517429035,0.148438,-0.611328,0.79248
51517450106,0.104492,-0.561523,0.901367
51517458520,0.192871,-0.588379,0.91748
51517481518,0.212891,-0.702148,0.845703
51517511511,0.462402,-0.744141,0.594727
51517518347,0.45166,-0.907715,0.509766
51517541466,0.391113,-0.843262,0.454102
51517564074,0.517578,-0.876953,0.406738
51517585088,0.477539,-0.732422,0.377441
51517601528,0.337402,-0.833496,0.33252
51517631532,0.336914,-0.917969,0.314453
51517652631,0.437988,-0.844727,0.341797
51517661558,0.57959,-0.593262,0.39209
51517684007,0.674316,-0.647949,0.369141
51517706578,0.53125,-0.848145,0.435059
51517729018,0.362793,-0.672363,0.582031
51517744048,0.285156,-0.415039,0.698242
51517765231,0.293945,-0.58252,0.771484
51517781345,0.333984,-0.766113,0.706055
51517804099,0.263184,-0.714355,0.728516
51517842101,0.452148,-0.586426,0.538086
51517844539,0.480957,-0.650879,0.569824
51517864039,0.52832,-0.691895,0.605469
51517885120,0.110352,-0.501953,0.994629
51517909103,0.463379,-0.518555,0.930176
51517931574,0.713379,-0.63623,0.756348
51517945113,0.847656,-1.04443,0.591309
51517961581,0.837402,-1.22021,0.316895
51517984034,0.599121,-0.902832,0.379395
51518006592,0.516602,-0.556641,0.444824
51518021975,0.539551,-0.570312,0.637695
51518044030,0.347168,-0.431641,0.763184
51518065150,0.424316,-0.254395,0.683594
51518081545,0.477051,-0.427734,0.531738
51518112199,0.795898,-0.727539,0.148926
51518132578,0.307129,-0.935547,0.303223
51518140851,-0.195801,-1.03174,0.330078
51518164025,0.158203,-0.724609,0.596191
51518186584,0.327148,-0.477539,0.762207
51518207714,0.241699,-0.450195,0.746582
51518224079,0.274902,-0.361328,0.826172
51518245080,0.452637,-0.633301,0.524414
51518260836,0.258789,-0.557129,0.575195
51518284066,0.0761719,-0.705078,0.568359
51518312769,0.160156,-0.581055,0.677246
51518321105,0.231934,-0.598633,0.554199
51518344037,0.0229492,-0.506836,0.529297
51518366549,-0.195801,-0.949219,0.867188
51518389018,-0.143066,-0.885742,0.67334
51518411560,0.195312,-0.70752,0.905273
51518426567,0.242188,-0.61377,0.776367
51518449562,-0.043457,-0.631348,0.957031
51518464097,0.109375,-0.624023,0.871582
51518486592,0.261719,-0.679688,0.812012
51518515121,0.135254,-0.786621,0.762207
51518524079,0.121582,-0.811523,0.780273
51518546519,0.219727,-0.774902,0.741699
51518567788,0.0805664,-0.543945,0.791504
51518591546,0.0390625,-0.61084,0.766602
51518614102,-0.0244141,-0.612305,0.786621
51518627768,0.00683594,-0.540039,0.781738
51518644062,0.27002,-0.435059,0.701172
51518666601,0.416016,-0.52832,0.748047
51518689093,0.336426,-0.92334,0.541504
51518704075,0.22998,-1.07959,0.558594
51518726638,0.217285,-0.919434,0.602539
51518747572,0.248047,-0.710938,0.614746
51518764087,0.183594,-0.673828,0.616211
51518794042,0.0942383,-0.631836,0.666016
51518815240,0.0302734,-0.640625,0.711914
51518824055,0,-0.79248,0.629883
51518846353,0.239746,-0.527344,0.489258
51518867790,0.116211,-0.585449,0.626465
51518891610,-0.501953,-0.699707,0.895996
51518906541,-0.681152,-0.562988,0.75293
51518927808,-0.190918,-0.26709,0.696289
51518951571,0.0458984,-0.606934,0.546875
51518966564,0.166504,-0.824219,0.561523
51518987823,0.272949,-0.809082,0.540527
51519004036,0.314453,-0.808594,0.373535
51519026664,0.51709,-0.779785,0.35791
51519047631,0.673828,-0.866211,0.503906
51519071543,0.749023,-0.86084,0.672852
51519094076,0.617676,-0.966797,0.821777
51519115186,0.479492,-0.845215,0.904785
51519123421,0.52832,-0.836914,0.695801
51519147055,0.322754,-0.941406,0.695801
51519169013,-0.0200195,-0.914551,0.70166
51519183451,-0.019043,-0.689941,0.643555
51519206587,0.181152,-0.675293,0.556641
51519229143,0.399902,-0.646484,0.441406
51519243453,0.750488,-1.12549,-0.223633
51519266538,0.594727,-0.987305,0.15332
51519296576,0.28125,-0.907715,0.328613
51519303429,0.146973,-0.877441,0.398926
51519326649,-0.51123,-0.725098,0.911621
51519349600,-0.434082,-0.792969,0.494141
51519371564,0.219238,-0.911621,0.516602
51519387231,0.380859,-1.02734,0.445801
51519409070,0.395508,-1.09717,0.283203
51519430240,0.370117,-0.834473,0.395508
51519446631,0.194824,-0.78125,0.483887
51519469148,0.0131836,-0.881348,0.556641
51519497832,-0.334473,-0.941406,0.762695
51519506618,-0.288086,-0.930664,0.688477
51519529087,-0.03125,-0.85498,0.666504
51519550249,0.166504,-0.796387,0.57666
51519574080,0.408203,-1.00488,0.158203
51519596676,0.24707,-0.913574,0.422852
51519610120,0.0874023,-0.723145,0.586426
51519626625,-0.0805664,-0.804199,0.732422
51519649104,-0.518555,-0.912598,0.945312
51519671578,-0.493652,-0.817383,0.796387
51519687117,-0.00683594,-0.810059,0.574707
51519709113,0.0893555,-0.913574,0.428223
51519730333,0.10498,-0.942383,0.296387
51519746620,0.0771484,-1.15723,0.133301
51519776559,0.201172,-1.01367,0.0854492
51519797865,0.124023,-0.922363,0.257324
51519806574,0.133789,-0.640625,0.42334
51519829305,0.0332031,-0.59668,0.544922
51519851624,-0.0961914,-0.604004,0.624023
51519872610,-0.140137,-0.803223,0.713379
51519889171,-0.115234,-0.891602,0.683594
51519910182,-0.169434,-0.920898,0.724609
51519925967,-0.164551,-0.894531,0.667969
51519949154,-0.124512,-0.95752,0.625977
51519977712,-0.0996094,-1.04883,0.618164
51519986654,-0.0791016,-0.938477,0.506836
51520009119,-0.172363,-0.935547,0.505859
51520030156,-0.249512,-0.884277,0.488281
51520054147,-0.222168,-0.847656,0.605469
51520076609,-0.371094,-0.700195,1.02441
51520091596,-0.533691,-0.678711,1.05371
51520105983,0.00341797,-0.560059,0.918457
51520130050,0.51709,-0.491211,0.896973
51520151678,0.70752,-1.44385,-0.166992
51520165973,-0.0874023,-1.43457,0.124023
51520189148,-0.430176,-1.14453,0.176758
51520211656,0.150391,-0.356934,0.25293
51520225959,0.0708008,-0.259277,0.433105
51520255383,-0.382324,-0.534668,0.69873
51520279069,-0.99707,-0.697266,0.888184
51520286032,-0.625488,-0.677734,0.797852
51520309227,-0.0888672,-0.686035,0.602051
51520333065,0.000488281,-0.834961,0.463379
51520354155,-0.0141602,-0.942383,0.550293
51520369095,0.274414,-0.834473,0.156738
51520391712,0.22168,-0.634766,0.33252
51520414575,0.00146484,-0.649902,0.459961
51520429118,-0.10791,-0.61377,0.589844
51520465881,-0.219238,-0.666016,0.792969
51520480202,-0.481445,-0.728516,0.936523
51520489192,-0.486328,-0.766602,0.831055
51520511704,-0.10498,-0.733398,0.716797
51520536099,0.0683594,-0.794434,0.696777
51520556709,0.20459,-0.994141,0.433594
51520571624,0.334473,-0.862305,0.286621
51520609796,0.107422,-0.737305,0.417969
51520612113,-0.0722656,-0.612793,0.592285
51520631612,-0.20459,-0.623535,0.739258
51520652568,-0.340332,-0.793457,0.873047
51520669156,-0.475586,-0.940918,0.882812
51520691797,-0.416992,-0.777832,0.773926
51520712988,-0.125977,-0.835449,0.628418
51520736596,-0.0366211,-0.949707,0.595215
51520759143,-0.03125,-1.03955,0.486816
51520780213,-0.000976562,-0.88623,0.342773
51520789163,-0.00732422,-0.791504,0.368164
51520812185,-0.0834961,-0.699219,0.467773
51520834062,-0.160645,-0.669434,0.569336
51520849182,-0.271484,-0.705566,0.680176
51520871649,-0.459473,-0.859863,0.77832
51520909949,-0.620605,-0.813477,0.792969
51520912261,-0.406738,-0.844727,0.700195
51520931640,-0.165039,-0.871094,0.580566
51520953256,-0.0976562,-1.00488,0.548828
51520968508,0.0737305,-0.929199,0.286621
51520991736,0.172852,-0.742676,0.318359
51521014135,0.0385742,-0.649902,0.412109
51521036631,-0.0786133,-0.606934,0.5
51521059215,-0.203613,-0.759277,0.637695
51521072702,-0.436523,-0.987305,0.73291
51521088448,-0.546875,-0.974121,0.72998
51521113111,-0.255859,-0.830566,0.602051
51521134085,-0.059082,-0.907227,0.510254
51521148460,-0.0712891,-1.05518,0.52002
51521173118,0.0551758,-0.916016,0.438477
51521194084,0.223633,-0.746582,0.288086
51521215302,0.120605,-0.599609,0.350098
51521239149,-0.224121,-0.612305,0.607422
51521261628,-0.491211,-0.88916,0.799316
51521268518,-0.70459,-0.875977,1.00537
51521291605,-0.185059,-0.716309,0.730469
51521314157,-0.116699,-0.847656,0.602539
51521335175,0.00683594,-1.0166,0.360352
51521351640,0.166992,-0.989746,0.090332
51521374149,0.0268555,-0.807617,0.314941
51521395227,-0.191895,-0.61377,0.496094
51521411717,-0.262695,-0.647461,0.669434
51521457966,-0.417969,-0.969727,0.800293
51521464236,-0.36377,-0.847656,0.760742
51521471696,-0.0634766,-0.749512,0.606445
51521494165,-0.0986328,-0.737793,0.537598
51521515194,0.0771484,-1.11816,0.172363
51521531708,0.127441,-1.01514,0.142578
51521554121,-0.0898438,-0.746582,0.453125
51521575288,-0.245117,-0.53125,0.664551
51521599142,-0.427734,-0.841309,0.837402
51521614210,-0.555664,-0.90918,0.914551
51521642747,-0.352051,-0.731934,0.652832
51521652025,-0.128906,-0.81543,0.416992
51521674222,-0.0673828,-0.963379,0.276855
51521695190,0.0224609,-1.05713,0.202148
51521719206,0.0693359,-1.29834,0.148926
51521741645,0.111328,-0.92627,0.126953
51521755248,-0.0424805,-0.645508,0.388184
51521771730,-0.0883789,-0.538086,0.425293
51521794614,-0.248047,-0.76123,0.537598
51521816664,-0.532715,-1.04053,0.630371
51521831653,-0.740234,-0.754395,0.709473
51521854163,-0.455566,-0.75,0.583496
51521875242,-0.178711,-0.78125,0.418945
51521891712,-0.0932617,-0.967773,0.379883
51521921756,0.112305,-1.18457,0.17627
51521942744,0.460938,-0.763672,0.0185547
51521952004,-0.108398,-0.76709,0.45459
51521974233,-0.458984,-0.965332,0.674316
51521996646,-0.601562,-1.0127,0.837402
51522019206,-0.241699,-0.873535,0.664551
51522034658,-0.0791016,-0.95166,0.53418
51522056669,0.0493164,-1.03174,0.195801
51522071634,0.0869141,-1.12891,0.0522461
51522094173,-0.130371,-1.00439,0.346191
51522124198,-0.330078,-0.823242,0.624512
51522131041,-0.456055,-0.751465,0.534668
51522155858,-0.223145,-0.721191,0.574219
51522176642,-0.109863,-0.879395,0.381836
51522199135,-0.0991211,-0.833008,0.195801
51522214225,-0.212891,-0.958008,0.270508
51522236696,-0.254883,-1.08398,0.402344
51522251017,-0.369141,-1.00879,0.543945
51522274647,-0.289062,-0.913086,0.583008
51522297087,-0.00878906,-0.914062,0.525879
51522317727,0.0112305,-0.850098,0.464844
51522334188,-0.027832,-0.847656,0.500977
51522358561,0.132324,-0.751953,0.246094
51522377906,0.26123,-0.837891,-0.0449219
51522401742,-0.0214844,-0.909668,0.0834961
51522424179,-0.0810547,-0.870117,0.256348
51522437720,-0.194336,-1.0332,0.63916
51522454139,-0.772949,-1.12744,0.881348
51522477182,-0.716309,-1.00684,0.648926
51522497739,-0.0493164,-1.06201,0.472656
51522514182,0.00146484,-1.25244,0.300293
51522536520,-0.112793,-1.16992,0.308105
51522558503,0.0166016,-1.03564,0.168457
51522574216,0.117676,-0.915039,0.0249023
51522596668,-0.0595703,-0.786133,0.143555
51522626700,-0.133301,-0.737793,0.240234
51522649224,-0.243164,-0.782715,0.380859
51522656743,-0.398438,-0.944824,0.484863
51522677796,-0.566406,-0.919922,0.547363
51522701698,-0.486328,-0.869629,0.489746
51522716669,-0.239258,-0.998535,0.391602
51522737727,-0.0366211,-1.09082,0.325684
51522754199,-0.0214844,-1.07959,0.243652
51522776678,0.0166016,-0.931152,0.0991211
51522797739,0.0244141,-0.940918,0.0395508
51522814162,0.0454102,-1.00879,0.0185547
51522852321,0.0454102,-0.947754,0.0385742
51522857724,-0.0200195,-0.79248,0.231934
51522874205,-0.127441,-0.857422,0.420898
51522904203,-0.448242,-1.00049,0.614258
51522925345,-0.657715,-0.913086,0.658691
51522933552,-0.205566,-0.866699,0.661621
51522956709,0.137207,-0.992676,0.49707
51522979247,0.104004,-1.04834,0.325195
51523001683,0.0209961,-0.955566,0.265137
51523016743,0.0708008,-0.794434,0.0869141
51523054116,-0.0302734,-0.899902,0.111816
51523056564,-0.117188,-0.953125,0.253906
51523076745,-0.13916,-0.864746,0.387207
51523105314,-0.150879,-0.833984,0.528809
51523113568,-0.315918,-0.878906,0.607422
51523136738,-0.348145,-0.98877,0.554688
51523159000,-0.173828,-0.943848,0.560059
51523181682,-0.0605469,-0.981445,0.435547
51523204195,-0.0488281,-1.00537,0.47168
51523219187,0.0776367,-1.01416,0.178223
51523233544,0.119141,-0.689941,0.0751953
51523256678,-0.157227,-0.76123,0.21875
51523279264,-0.184082,-0.75,0.390625
51523307742,-0.0844727,-0.847168,0.586426
51523316687,-0.200195,-0.980469,0.750977
51523339276,-0.481445,-0.941895,0.706543
51523360283,-0.34668,-0.881348,0.619629
51523384268,-0.0756836,-1.02246,0.387695
51523406688,-0.0830078,-1.02197,0.249023
51523420328,-0.115723,-0.988281,0.32959
51523436755,0.0874023,-1.06641,0.0112305
51523459267,0.0776367,-0.659668,0.0102539
51523481765,-0.145508,-0.697754,0.125488
51523496749,-0.0888672,-0.786133,0.3125
51523519199,-0.168457,-0.968262,0.572754
51523540433,-0.308105,-1.08594,0.634277
51523556774,-0.224121,-0.946777,0.516602
51523585431,-0.112305,-0.994629,0.453125
51523607787,-0.0834961,-1.07812,0.382812
51523616711,-0.0742188,-1.12744,0.186035
51523639270,-0.0385742,-0.867188,0.180664
51523661741,-0.204102,-0.958008,0.334473
51523684307,-0.325684,-0.98877,0.635254
51523699307,-0.41748,-0.9375,0.70166
51523720266,-0.00292969,-0.842773,0.527344
51523737221,0.0634766,-0.955078,0.461914
51523759255,-0.0712891,-1.05029,0.430664
51523787803,0.0322266,-0.955566,0.180664
51523810285,-0.012207,-0.925781,0.065918
51523819008,-0.105469,-0.875488,0.126465
51523840294,-0.0952148,-0.859375,0.3125
51523864202,-0.0966797,-0.885254,0.509277
51523886769,-0.217285,-0.97998,0.57959
51523900412,-0.192383,-0.915527,0.499512
51523916103,-0.0966797,-0.894531,0.516113
51523939317,-0.0791016,-0.945312,0.419922
51523962198,-0.0712891,-0.978516,0.304688
51523978421,-0.107422,-0.8125,0.181152
51523999305,-0.130371,-0.909668,0.151855
51524021720,-0.0976562,-0.964844,0.180176
51524036092,-0.122559,-0.893066,0.354004
51524065350,-0.117676,-0.81543,0.477051
51524089327,-0.181641,-0.965332,0.601074
51524096309,-0.313477,-1.05273,0.610352
51524119237,-0.171875,-1.00146,0.498047
51524142186,-0.102539,-0.919922,0.470215
51524164281,-0.0800781,-0.991211,0.383789
51524181266,0.0302734,-0.935547,0.143066
51524201723,0.132324,-0.859863,-0.00341797
51524222815,-0.0454102,-0.773926,0.1875
51524239266,-0.262695,-0.762207,0.394043
51524261758,-0.278809,-0.896973,0.556152
51524283219,-0.243652,-1.08594,0.630371
51524299260,-0.265625,-1.06396,0.528809
51524321751,-0.302734,-1.02148,0.509766
51524344247,-0.196777,-1.03955,0.37207
51524366791,-0.15332,-1.03076,0.358887
51524389242,-0.0952148,-1.07666,0.322754
51524402804,0.118164,-0.961426,0.0317383
51524419273,0.0908203,-0.778809,0.112305
51524441751,-0.101562,-0.809082,0.269043
51524463014,-0.233887,-0.768066,0.498535
51524486748,-0.29248,-0.876465,0.677734
51524501744,-0.249023,-1.0083,0.65332
51524522793,-0.227051,-0.9375,0.54834
51524539249,-0.223633,-1.00342,0.488281
51524569251,-0.173828,-0.956055,0.306641
51524590253,-0.131836,-0.999512,0.175781
51524599335,-0.210449,-0.796875,0.0688477
51524622214,-0.21875,-0.950195,0.115723
51524644260,-0.0981445,-0.944336,0.148926
51524666827,-0.144043,-0.844238,0.385742
51524681766,-0.186523,-0.830566,0.586914
51524704283,-0.269531,-0.938965,0.683594
51524719049,-0.0859375,-0.938477,0.677246
51524741809,0.0180664,-0.870117,0.554199
51524770377,-0.0571289,-1.01855,0.370605
51524779059,-0.163086,-0.822266,0.165039
51524801817,-0.317383,-0.912109,0.146484
51524822613,-0.269531,-1.07178,0.226562
51524845500,-0.214355,-1.00098,0.4375
51524869235,-0.153809,-0.884277,0.546875
51524882804,-0.180176,-0.892578,0.546875
51524898644,-0.0961914,-0.964355,0.53418
51524921811,-0.0141602,-0.947754,0.492676
51524944263,0.0239258,-0.874512,0.298828
51524958605,-0.09375,-0.748047,0.127441
51524981747,-0.359863,-0.983887,0.186523
51525004287,-0.370117,-1.07617,0.409668
51525025327,-0.376465,-1.02295,0.626953
51525041765,-0.121094,-0.837891,0.578613
51525071786,0.149902,-0.827148,0.446289
51525078624,0.0322266,-0.994629,0.413086
51525103407,0.00585938,-0.82959,0.135254
51525124277,-0.283203,-0.758789,0.0878906
51525146777,-0.438477,-0.992188,0.150391
51525161816,-0.322266,-1.06787,0.392578
51525184325,-0.226562,-0.965332,0.551758
51525205340,-0.242188,-0.932617,0.623535
51525221798,-0.22998,-0.947754,0.668945
51525244694,-0.0161133,-0.819336,0.583984
51525272885,0.00634766,-0.762207,0.402344
51525281803,-0.121094,-0.915039,0.25
51525305069,-0.26123,-0.962402,0.199219
51525326785,-0.164551,-1.10205,0.140137
51525349276,-0.0683594,-0.963867,0.252441
51525364337,-0.159668,-0.78125,0.417969
51525385363,-0.233398,-0.757324,0.569336
51525403226,-0.23291,-0.982422,0.591797
51525424341,-0.233887,-0.956055,0.610352
51525452843,-0.35498,-0.815918,0.472656
51525461829,-0.285645,-0.974121,0.399414
51525484257,-0.148438,-1.11914,0.34375
51525505469,-0.015625,-1.05127,0.210938
51525529304,0.0151367,-0.899414,0.158691
51525544273,-0.0444336,-0.896973,0.191895
51525565322,-0.169922,-0.797852,0.343262
51525581179,-0.260254,-0.74707,0.515625
51525606504,-0.312988,-0.874512,0.601074
51525626790,-0.303223,-0.97168,0.570312
51525641103,-0.202148,-0.930664,0.504395
51525664284,-0.185547,-0.962891,0.440918
51525686841,-0.182129,-0.944336,0.328125
51525701131,-0.185547,-0.926758,0.30127
51525731774,-0.209473,-0.962891,0.26709
51525754326,-0.171387,-0.977539,0.248535
51525761176,-0.161621,-0.933594,0.324219
51525784346,-0.179199,-0.870117,0.385742
51525807263,-0.158203,-0.822754,0.429199
51525829334,-0.148438,-0.918457,0.472656
51525844317,-0.144043,-0.907715,0.452637
51525866807,-0.161621,-0.912109,0.441406
51525881189,-0.153809,-0.891113,0.381836
51525905317,-0.15918,-0.906738,0.420898
51525926829,-0.149902,-0.930664,0.418457
51525955373,-0.151855,-0.908691,0.443359
51525964308,-0.11377,-0.922852,0.460449
51525986824,-0.18457,-0.915527,0.477539
51526009315,-0.198242,-0.958496,0.430664
51526024596,-0.200684,-0.82373,0.450684
51526054372,-0.169922,-0.812988,0.241211
51526061149,-0.239746,-0.786621,0.231934
51526084356,-0.240234,-1.0083,0.210938
51526108642,-0.185059,-1.01611,0.310059
51526128079,-0.248047,-0.866699,0.553711
51526144273,-0.438965,-0.915039,0.655762
51526166880,-0.38916,-0.912598,0.725098
51526187878,-0.0708008,-0.821289,0.532227
51526204382,-0.118652,-0.914551,0.438477
51526234411,-0.155273,-0.961426,0.432617
51526247897,0.0126953,-0.989746,0.0834961
51526264385,-0.00439453,-0.985352,0.0864258
51526286809,-0.210449,-0.87793,0.290527
51526309787,-0.268555,-0.727051,0.420898
51526331805,-0.288086,-0.731445,0.585449
51526346789,-0.297852,-0.86377,0.602051
51526367947,-0.309082,-0.919434,0.574219
51526384785,-0.263672,-0.932129,0.540039
51526407779,-0.224609,-0.92627,0.458984
51526436838,-0.21875,-0.892578,0.32666
51526445029,-0.214355,-0.92334,0.26709
51526466956,-0.105957,-1.12256,0.151367
51526487872,-0.0546875,-1.03711,0.214355
51526511896,-0.104492,-0.856934,0.374512
51526534368,-0.321777,-0.766113,0.594727
51526547869,-0.311523,-0.84668,0.606445
51526564343,-0.114746,-0.821289,0.597168
51526587369,-0.163086,-0.882324,0.517578
51526610314,-0.195801,-0.879883,0.335938
51526624411,-0.264648,-0.866211,0.258789
51526646833,-0.300781,-0.962891,0.272461
51526667939,-0.176758,-1.05078,0.241211
51526684364,-0.187988,-0.976562,0.36377
51526707480,-0.222168,-0.837402,0.428711
51526735581,-0.219727,-0.820801,0.48584
51526743669,-0.202148,-0.948242,0.495605
51526774331,-0.172852,-0.973145,0.473145
51526789786,-0.157227,-0.884277,0.416504
51526811852,-0.200195,-0.864258,0.422363
51526826917,-0.250977,-0.921387,0.448242
51526849309,-0.319824,-0.912598,0.481445
51526864200,-0.339844,-0.87793,0.519531
51526886922,-0.200195,-0.921387,0.48877
51526909979,-0.0375977,-1.0127,0.355957
51526937985,0.0483398,-0.935059,0.0996094
51526954336,0.034668,-0.785156,0.127441
51526969401,-0.268066,-0.861816,0.363281
51526991832,-0.427734,-0.856445,0.514648
51527014315,-0.418945,-0.905762,0.671387
51527029344,-0.272949,-0.864258,0.59082
51527043693,-0.206543,-0.832031,0.558105
51527067305,-0.144531,-0.973633,0.486328
51527089901,-0.185059,-0.950684,0.418945
51527103733,-0.180664,-0.939941,0.373047
51527126917,-0.168457,-0.92627,0.283203
51527150778,-0.17627,-0.908203,0.244141
51527172513,-0.161621,-0.877441,0.185547
51527173341,-0.161621,-0.877441,0.185547
51527174969,-0.427734,-0.856445,0.514648
51527187705,-0.191895,-0.877441,0.329102
51527217826,-0.179199,-0.918457,0.422363
51527230526,-0.203613,-0.853516,0.535645
51527246835,-0.208984,-0.878906,0.579102
51527269347,-0.257324,-0.906738,0.59668
51527291904,-0.179688,-1.01221,0.541992
51527306875,-0.10498,-0.922363,0.501953
51527329415,-0.101562,-0.763672,0.253906
51527350416,-0.245605,-0.869629,0.249512
51527367289,-0.282715,-0.981934,0.286133
51527396883,-0.308594,-0.973633,0.472168
51527410163,-0.335938,-0.872559,0.54248
51527427069,-0.14502,-0.787109,0.506348
51527449345,-0.0878906,-0.913086,0.458984
51527471899,-0.195312,-0.956543,0.424805
51527494357,-0.231934,-0.818359,0.355469
51527509317,-0.281738,-0.795898,0.359863
51527530631,-0.226074,-0.897949,0.351074
51527546886,-0.201172,-0.943359,0.412109
51527569814,-0.212402,-0.888672,0.470703
51527590490,-0.215332,-0.859863,0.499023
51527606955,-0.256836,-0.902344,0.52832
51527629429,-0.217285,-0.935547,0.535645
51527650428,-0.164062,-0.931641,0.455078
51527675041,-0.195312,-0.90625,0.401367
51527695625,-0.197266,-0.820312,0.362305
51527717953,-0.137207,-0.907715,0.311523
51527726386,-0.125,-1.0127,0.317871
51527749857,-0.121094,-0.937012,0.327637
51527772313,-0.198242,-0.788574,0.449219
51527786368,-0.240723,-0.833496,0.506348
51527809416,-0.25293,-0.921875,0.539551
51527831918,-0.332031,-0.909668,0.575684
51527846720,-0.357422,-0.876465,0.526367
51527869319,-0.188477,-0.891113,0.477539
51527899388,-0.0400391,-0.899414,0.398926
51527906214,0.000976562,-1.05762,0.204102
51527929382,0.0556641,-1.06104,-0.0532227
51527952366,-0.141602,-0.912598,0.276367
51527974373,-0.26709,-0.680176,0.458496
51527989406,-0.384277,-0.694824,0.602539
51528011902,-0.382812,-0.895508,0.670898
51528033019,-0.41748,-0.869141,0.692871
51528049918,-0.259277,-0.838379,0.612305
51528071967,-0.138184,-0.859863,0.493164
51528100548,-0.0917969,-0.839355,0.331055
51528109381,-0.0957031,-0.995117,0.102539
51528132029,-0.233887,-1.08447,0.143555
51528153062,-0.164062,-1.01514,0.141113
51528176876,-0.244141,-0.747559,0.397949
51528199431,-0.341309,-0.639648,0.558105
51528212909,-0.349121,-0.816895,0.627441
51528230298,-0.370117,-0.936035,0.65625
51528252386,-0.259766,-0.918457,0.623047
51528274427,-0.110352,-0.907715,0.447754
51528289443,-0.0273438,-0.950684,0.151855
51528312015,-0.158203,-0.969238,0.292969
51528333163,-0.314941,-0.956543,0.431641
51528349430,-0.349609,-0.854492,0.551758
51528379365,-0.30957,-0.868164,0.546875
51528400653,-0.32373,-0.833008,0.577148
51528409451,-0.197754,-0.890625,0.515625
51528431869,-0.107422,-0.890625,0.445312
51528454473,-0.0439453,-0.858398,0.240234
51528476950,-0.166504,-0.917969,0.272461
51528491878,-0.185547,-0.989258,0.236816
51528513021,-0.245117,-0.884766,0.373047
51528531392,-0.29834,-0.802246,0.469727
51528552535,-0.283203,-0.799805,0.499512
51528580460,-0.262695,-0.879883,0.519531
51528588713,-0.238281,-0.907227,0.462402
51528611894,-0.225586,-0.865723,0.434082
51528632938,-0.235352,-0.879395,0.407715
51528655591,-0.244629,-0.896973,0.414062
51528679383,-0.26123,-0.919434,0.420898
51528694393,-0.248535,-0.90918,0.400879
51528708761,-0.244629,-0.868652,0.415039
51528733394,-0.230469,-0.916992,0.398438
51528754477,-0.243652,-0.897949,0.407715
51528775680,-0.240234,-0.929199,0.458496
51528785656,-0.162598,-0.898926,0.435059
51528806888,-0.132324,-0.884766,0.444824
51528821249,-0.478516,-0.798828,0.0341797
51528843781,-0.733398,-0.958984,-0.177734
51528865535,-0.0629883,-0.841797,1.30225
51528888050,0.24707,-0.713379,0.444336
51528903740,-0.570312,-0.89209,-0.300781
51528933457,-0.871582,-1.04492,0.359863
51528955601,-0.159668,-0.89502,1.16211
51528963799,-0.788574,-1.01221,0.415527
51528986928,-0.249023,-0.861328,0.303223
51529009461,-0.21582,-0.867676,0.408203
51529023773,-0.252441,-0.883789,0.42627
51529046996,-0.25,-0.876953,0.448242
51529061776,-0.231934,-0.87793,0.46582
51529084240,-0.127441,-0.876953,0.434082
51529106977,0.374023,-0.646973,0.176758
51529121246,0.444824,-0.694824,0.681152
51529143830,-0.308594,-0.993164,0.653809
51529169729,-0.215332,-0.883301,0.470703
51529187998,-0.231934,-0.865723,0.427246
51529203782,-0.250977,-0.867676,0.460449
51529232994,-0.238281,-0.887207,0.443848
51529248002,-0.236328,-0.881836,0.450684
51529263763,-0.220703,-0.875,0.447754
51529287338,-0.221191,-0.874512,0.45459
51529308163,-0.222656,-0.888672,0.462402
51529323790,-0.215332,-0.892578,0.443848
51529346966,-0.230957,-0.892578,0.467773
51529368090,-0.215332,-0.883789,0.412598
51529383765,-0.24707,-0.866211,0.439453
51529422609,-0.243652,-0.879883,0.440918
51529428002,-0.227539,-0.897461,0.457031
51529444748,-0.211426,-0.944824,0.449219
51529467049,-0.175781,-0.848633,0.369141
51529489388,-0.238281,-0.84668,0.430176
51529512000,-0.270996,-0.869141,0.468262
51529526982,-0.306152,-0.935547,0.525879
51529547998,-0.355469,-0.87207,0.583496
51529564278,-0.213867,-0.866699,0.539551
51529587355,-0.115234,-0.942383,0.437012
51529615767,-0.0961914,-1.01025,0.282715
51529623794,-0.0820312,-0.861328,0.274414
51529646979,-0.192871,-0.852539,0.356934
51529677019,-0.259277,-0.825195,0.411621
51529691718,-0.261719,-0.868164,0.46582
51529715030,-0.263184,-0.862305,0.509277
51529736936,-0.258301,-0.862305,0.50293
51529751319,-0.20752,-0.869141,0.489746
51529774529,-0.115723,-0.928711,0.436035
51529796968,-0.0185547,-0.93457,0.165039
51529811382,-0.202148,-0.853027,0.367676
51529841944,-0.333496,-0.86084,0.45459
51529864550,-0.348145,-0.903809,0.516602
51529871318,-0.3125,-0.865234,0.580078
51529894844,-0.183105,-0.848633,0.49707
51529923019,-0.104004,-0.915527,0.432129
51529938041,-0.103027,-0.849609,0.325684
51529954651,-0.229004,-0.866211,0.390625
51529977158,-0.301758,-0.952637,0.428711
51529998012,-0.294922,-0.914551,0.486816
51530014485,-0.258789,-0.843262,0.495117
51530044450,-0.219238,-0.855469,0.501953
51530065569,-0.182617,-0.876953,0.500488
51530074428,-0.188477,-0.874512,0.476562
51530097027,-0.217773,-0.822754,0.450195
51530118014,-0.265137,-0.841797,0.461426
51530141947,-0.278809,-0.880859,0.437012
51530156963,-0.276855,-0.900391,0.457031
51530178180,-0.255371,-0.881836,0.453125
51530194942,-0.25,-0.851562,0.452148
51530217014,-0.245117,-0.89209,0.446289
51530245497,-0.233887,-0.900879,0.43457
51530254442,-0.229004,-0.915527,0.430176
51530277083,-0.222168,-0.894043,0.441406
51530297956,-0.227051,-0.865234,0.439453
51530322086,-0.229004,-0.880859,0.459961
51530337430,-0.237305,-0.890137,0.507812
51530357986,-0.1875,-0.901855,0.420898
51530381967,-0.204102,-0.846191,0.427246
51530396962,-0.279297,-0.917969,0.467285
51530419480,-0.394043,-0.866699,0.569336
51530434512,-0.284668,-0.869629,0.549805
51530457029,-0.178711,-0.883789,0.520996
51530478129,-0.00439453,-1.00488,0.327148
51530494331,0.0834961,-0.810547,0.133789
51530524511,-0.228516,-0.886719,0.402832
51530545798,-0.381836,-0.837891,0.432129
51530553867,-0.401367,-0.886719,0.544922
51530576995,-0.350098,-0.805664,0.553223
51530599502,-0.294434,-0.833008,0.51123
51530621986,-0.217285,-0.876953,0.476562
51530637045,-0.18457,-0.894043,0.4375
51530659460,-0.170898,-0.825195,0.402344
51530673961,-0.207031,-0.854004,0.325195
51530697527,-0.307129,-0.909668,0.373535
51530727045,-0.311523,-0.90625,0.40625
51530733857,-0.282227,-0.865723,0.444336
51530757040,-0.251953,-0.865723,0.465332
51530779507,-0.232422,-0.865234,0.460449
51530801995,-0.222168,-0.893555,0.473633
51530824525,-0.200195,-0.875488,0.436523
51530839516,-0.226562,-0.911133,0.445801
51530853859,-0.240234,-0.893555,0.449219
51530877078,-0.270996,-0.897949,0.472656
51530899510,-0.274414,-0.868652,0.485352
51530913851,-0.260254,-0.877441,0.476562
51530937023,-0.238281,-0.87793,0.454102
51530960022,-0.226562,-0.906738,0.431641
51530973872,-0.227539,-0.87207,0.41748
51530996981,-0.245117,-0.875,0.430176
51531027098,-0.247559,-0.875488,0.427734
51531033868,-0.262695,-0.870117,0.442871
51531057004,-0.263184,-0.885742,0.439941
51531079528,-0.248047,-0.861816,0.427246
51531102053,-0.250977,-0.882812,0.435547
51531117030,-0.243652,-0.874512,0.427246
51531139543,-0.243652,-0.87793,0.438965
51531162036,-0.251465,-0.875488,0.434082
51531184568,-0.237305,-0.88623,0.423828
51531199577,-0.242188,-0.858887,0.425781
51531252674,-0.250977,-0.878418,0.446777
51531260176,-0.250977,-0.894043,0.445801
51531262559,-0.254395,-0.876953,0.455078
51531282090,-0.15332,-0.874512,0.339355
51531304482,-0.343262,-0.943848,0.648926
51531327066,-0.0791016,-0.946289,0.803223
51531340732,-0.707031,-1.08105,0.75
51531364545,-0.736816,-0.881348,0.160156
51531379513,0.415039,-0.789551,0.706543
51531400847,-0.888184,-1.01074,0.762695
51531417059,-0.241699,-0.746094,0.0634766
51531454323,0.420898,-0.931641,0.756836
51531461981,-0.694824,-1.09424,0.559082
51531476414,-0.102539,-0.664062,-0.199707
51531507049,0.43457,-0.791992,0.558594
51531520743,-0.990723,-1.04541,0.46582
